0.00000800294571660550
0.00000302247306458480
0.00000247127939696443
0.00000624729428010139
0.00001389908615082049
0.00002466460041746286
0.00003753186107472993
0.00005131801515516803
0.00006476196468096042
0.00007662487888847677
0.00008579217012450865
0.00009137010805033269
0.00009277019324771436
0.00008977476021205932
0.00008257806456890908
0.00007179834189309673
0.00005845798707738513
0.00004393103741310368
0.00002985945114251310
0.00001804211643194812
0.00001030292781767420
0.00000834642746001749
0.00001361121656050826
0.00002713239670101431
0.00004942453052094897
0.00008039589736647463
0.00011930311786315384
0.00016475258064044119
0.00021475167985747539
0.00026680892772419499
0.00031807790182465987
0.00036553614696230069
0.00040618701310684733
0.00043727036048924319
0.00045646736409575643
0.00046208538673087447
0.00045321093507989633
0.00042982173762185568
0.00039285251104505508
0.00034421248462964500
0.00028675576241872139
0.00022420781927479832
0.00016105278000939807
0.00010238679022552321
0.00005374310019817820
0.00002089485712652005
0.00000964236537618701
0.00002559285482829123
0.00007394244877752364
0.00015927164069332690
0.00028536660587462890
0.00045507851432576501
0.00067023126634439443
0.00093158464294060153
0.00123885502816535550
0.00159079024948172710
0.00198528955670722840
0.00241955523085448470
0.00289025954495899080
0.00339371024254375490
0.00392599940788479740
0.00448312422878968320
0.00506107303842725540
0.00565587534333928530
0.00626361947630281290
0.00688044537980425640
0.00750252240108584010
0.00812602272087700920
0.00874710026601076790
0.00936188298933572980
0.00996648366672374390
0.01055703131188960100
0.01112972235066690900
0.01168088814350366200
0.01220707350778846300
0.01270511967624264600
0.01317224465218019700
0.01360611413750161800
0.01400489701738954500
0.01436730065767349900
0.01469258285914222900
0.01498053906282028300
0.01523146515989555800
0.01544609789207480700
0.01562553621935277800
0.01577114810190275600
0.01588446784833095700
0.01596708951984177800
0.01602056187925991100
0.01604629009140529400
0.01604544888697413000
0.01601891126683088400
0.01596719610755262300
0.01589043727240462300
0.01578837605047370800
0.01566037793253005600
0.01550547385977696500
0.01532242511857444900
0.01510980997532453800
0.01486612894836751400
0.01458992433163243200
0.01427990829695274100
0.01393509273419641200
0.01355491310449459500
0.01313933816397385400
0.01268895763415594400
0.01220504087386142500
0.01168956138581533200
0.01114518449700472600
0.01057521858809410500
0.00998353350086957950
0.00937445282825631440
0.00875262926623278540
0.00812291370011812910
0.00749022894060434080
0.00685945791804231170
0.00623535378681204680
0.00562247607972073470
0.00502515323365485340
0.00444746801438831910
0.00389325913150561680
0.00336613010062111920
0.00286945547742707780
0.00240637507052285890
0.00197976856494923170
0.00159220592248892980
0.00124587261718354550
0.00094247279551921276
0.00068311737651391804
0.00046820749505087768
0.00029732614910666955
0.00016915210955887846
0.00008140985453986178
0.00003086738953923422
0.00001339036086114459
0.00002405610121241081
0.00005732559120747994
0.00010726537361333982
0.00016780591547720805
0.00023301848462638084
0.00029738990119368669
0.00035607395045712516
0.00040509993225591354
0.00044152259901471388
0.00046350313839176776
0.00047031721386566844
0.00046229260679189630
0.00044068494047570328
0.00040750467065471226
0.00036531156715987381
0.00031699411069689069
0.00026555066045570502
0.00021388719800335065
0.00016464335017341968
0.00012005473170190843
0.00008185590557152159
0.00005122483442388675
0.00002876686740971526
0.00001453421288246580
0.00000807549792087828
0.00000850931807545841
0.00001461547965476911
0.00002493775737982672
0.00003789227611324460
0.00005187596641920776
0.00006536988865902820
0.00007703257489744756
0.00008577895053792363
0.00009084093745456156
0.00009180657293948727
0.00008863544455249700
0.00008164944110826748
0.00007149921108364800
0.00005910821740750308
0.00004559776820565419
0.00003219775950309334
0.00002014896509051271
0.00001060344769442676
0.00000452997331211295
0.00000263115524342974
0.00000527844474326014
0.00001247006723146639
0.00002381565222330901
0.00003854971685518802
0.00005557444096981559
0.00007353041809721521
0.00009089237249606939
0.00010608527243877763
0.00011761490060455528
0.00012420580437618784
0.00012493867293080703
0.00011937860432744050
0.00010768547284121244
0.00009069773857896069
0.00006998162905997876
0.00004783874777073114
0.00002726690424746746
0.00001187136043941853
0.00000572673483742714
0.00001319339437330440
0.00003869607732422032
0.00008647639414828837
0.00016033431491510171
0.00026337628708050998
0.00039778876887265103
0.00056465534725712156
0.00076383305823490388
0.00099389911670814393
0.00125217335046092250
0.00153481483624612080
0.00183698436247404580
0.00215305827202410270
0.00247687478218416160
0.00280199164391791230
0.00312193428601413930
0.00343041632410952080
0.00372151908118905240
0.00398982286683283690
0.00423048933663357740
0.00443930041333780250
0.00461266421008031670
0.00474760156390891670
0.00484172782912112990
0.00489324342959123780
0.00490094351753210450
0.00486425234516467320
0.00478328221712096600
0.00465891087791919960
0.00449286569732122980
0.00428779884449579770
0.00404733549563940100
0.00377607750583320050
0.00347954809543937200
0.00316406876854782250
0.00283656729552672110
0.00250432418439178230
0.00217467342332856470
0.00185468013155311370
0.00155082200567874580
0.00126870236280048280
0.00101281994414714660
0.00078641480392682456
0.00059140142254525115
0.00042839085794099446
0.00029679462178583730
0.00019499527498497701
0.00012056341136348796
0.00007049823629148940
0.00004146936904672150
0.00003004039807779194
0.00003285938371731541
0.00004680706985713628
0.00006909918119045263
0.00009734413492831942
0.00012956130200380289
0.00016416738725927638
0.00019993957449965808
0.00023596399816542188
0.00027157716718525306
0.00030630652332530676
0.00033981468558005954
0.00037185036590196391
0.00040220760474805390
0.00043069394546452682
0.00045710745007227171
0.00048122201157913870
0.00050278017046836380
0.00052149252294210891
0.00053704275541481344
0.00054909731383408981
0.00055731870006531898
0.00056138138163605025
0.00056098931764098688
0.00055589415745768884
0.00054591327040070766
0.00053094691421954926
0.00051099403783989264
0.00048616641890172701
0.00045670103443749978
0.00042297072927133088
0.00038549336345974314
0.00034493967888541392
0.00030214012694823519
0.00025809085093730157
0.00021395892429484386
0.00017108680820776756
0.00013099579504050304
0.00009538792232930187
0.00006614544525589295
0.00004532642415280948
0.00003515432878912180
0.00003799884495205031
0.00005634441738545790
0.00009274266585473788
0.00014974489944186747
0.00022981175889020506
0.00033519870784505371
0.00046781871375638776
0.00062908686663822370
0.00081975552513375606
0.00103975230419491530
0.00128803614805350480
0.00156248817336388110
0.00185985335899572690
0.00217574621524199880
0.00250472838471905950
0.00284045923260456110
0.00317591277280645980
0.00350364688386863450
0.00381610486082136410
0.00410592589654627370
0.00436624065917432060
0.00459093077660183580
0.00477483626060241480
0.00491390176536483400
0.00500525989518056400
0.00504725636408643800
0.00503942670372865220
0.00498243684832391790
0.00487800020005166660
0.00472878203221355990
0.00453829897226223560
0.00431081761677976420
0.00405125283050447770
0.00376506357146142630
0.00345814252506773580
0.00313669553403253660
0.00280710768163549120
0.00247579468392618770
0.00214904065457328110
0.00183282598038961120
0.00153265164446561970
0.00125336853380191820
0.00099902177583820716
0.00077272071890678248
0.00057654463947952870
0.00041149257177618495
0.00027748290328578624
0.00017340480640674706
0.00009721955966242692
0.00004610581560637017
0.00001663937502758168
0.00000499544251151073
0.00000715994795292476
0.00001913642770010704
0.00003713608956855999
0.00005774080358111634
0.00007803152807397681
0.00009567772604586625
0.00010898630485513445
0.00011691125587173291
0.00011902731387652793
0.00011547253648317336
0.00010686574377460573
0.00009420533406968135
0.00007875620115008128
0.00006193141339867110
0.00004517504504529460
0.00002985211413389710
0.00001715099605018667
