0.00000694835727962649
0.00001351972851790584
0.00002311598980822047
0.00003485876445246648
0.00004772951857319801
0.00006064169655720849
0.00007251782141326702
0.00008236701175948654
0.00008935814800460480
0.00009288396137049366
0.00009261165213629805
0.00008851628075327069
0.00008089410669466785
0.00007035423777504280
0.00005778833247303990
0.00004431957978209834
0.00003123365645457506
0.00001989571152288211
0.00001165853604287092
0.00000776784063104883
0.00000927091074807132
0.00001693480355981613
0.00003117969732726492
0.00005203205420935495
0.00007910099650467047
0.00011157983695370077
0.00014827316973854313
0.00018764844102824610
0.00022790958062944970
0.00026708916756885542
0.00030315476878697503
0.00033412454580238152
0.00035818695416185372
0.00037381932608455124
0.00037990027321169612
0.00037581111181790236
0.00036152183811503057
0.00033765752137157281
0.00030554131818017632
0.00026721065882551605
0.00022540357406157621
0.00018351271377158639
0.00014550547810022180
0.00011580995443595859
0.00009916810930570424
0.00010045992452624662
0.00012450478380616930
0.00017584917701166377
0.00025855234941151264
0.00037598346618167013
0.00053064476869200614
0.00072403472834978589
0.00095656317570868047
0.00122752683642267990
0.00153514892285774280
0.00187668091111723560
0.00224855902933821440
0.00264660299614781230
0.00306624081600628860
0.00350274142997009790
0.00395143696208892420
0.00440791814553214470
0.00486818995545786150
0.00532877901930682660
0.00578678941456797940
0.00623990838494236330
0.00668636777333711170
0.00712487019340069670
0.00755449092681493000
0.00797456720623496320
0.00838458604175056420
0.00878408030087541800
0.00917254064885699920
0.00954934850318228320
0.00991373263691174010
0.01026474971566109300
0.01060128704764457000
0.01092208427641059100
0.01122576970343442000
0.01151090639326540200
0.01177604314759377200
0.01201976576686466500
0.01224074466020872400
0.01243777571833473000
0.01260981233085690400
0.01275598741745383700
0.01287562527238308500
0.01296824383235922100
0.01303354862581324600
0.01307142012304056200
0.01308189647444777900
0.01306515370426459800
0.01302148533582111800
0.01295128318453681000
0.01285502069327559800
0.01273323973236608100
0.01258654127788661800
0.01241557985607878500
0.01222106114379291300
0.01200374169446243900
0.01176442946834580500
0.01150398373387346600
0.01122331301259569200
0.01092337008255347300
0.01060514362449231600
0.01026964684765106400
0.00991790428506292460
0.00955093878747612260
0.00916976143341918450
0.00877536746996673140
0.00836874138222110440
0.00795087367901748350
0.00752279095934363890
0.00708559934418454860
0.00664053955354279490
0.00618904997481366240
0.00573283224565522290
0.00527391241292795870
0.00481468985761577400
0.00435796606762445680
0.00390694609002691010
0.00346520710177192820
0.00303663090704625130
0.00262530011726255260
0.00223536104377194690
0.00187085963603494600
0.00153555981222228590
0.00123275594645290160
0.00096509282412277672
0.00073440684326216425
0.00054160150199868899
0.00038656825486798143
0.00026816075137558662
0.00018422652174767488
0.00013169569299347985
0.00010672173206543081
0.00010486498783107980
0.00012130638520636143
0.00015107637815685299
0.00018928342544726858
0.00023132687830337853
0.00027308114902085327
0.00031104109014318894
0.00034242226311602891
0.00036521376243238516
0.00037818504213311125
0.00038085138934636036
0.00037340504042621537
0.00035662031243355308
0.00033174153776852305
0.00030036217301301546
0.00026430241871703333
0.00022549129054426183
0.00018585757788358489
0.00014723272941175126
0.00011126756748127110
0.00007936392864794936
0.00005262185329307605
0.00003180273550763420
0.00001730878364677575
0.00000917910253108183
0.00000710256874626414
0.00001044734081353894
0.00001830628383339500
0.00002955680637761143
0.00004293267167333287
0.00005710436303186703
0.00007076368651985367
0.00008270761615849560
0.00009191604394827512
0.00009761816786876723
0.00009934276681400537
0.00009694855119817569
0.00009063207208993059
0.00008091221194104920
0.00006859193375826879
0.00005469959252289773
0.00004041358028695036
0.00002697527320265314
0.00001559609341474313
0.00000736494436166699
0.00000316231193149277
0.00000358696365550832
0.00000890046484604191
0.00001899372123348184
0.00003337851737022173
0.00005120561600892868
0.00007130948107964913
0.00009227814778953926
0.00011254524760330735
0.00013049976394823528
0.00014460781098392419
0.00015353966377770498
0.00015629450148131808
0.00015231493655893297
0.00014158346928842992
0.00012469358826923453
0.00010288936532365488
0.00007806905397038189
0.00005275032679426847
0.00002999725121090095
0.00001331172250644588
0.00000649462338816493
0.00001348421841734051
0.00003818098952263959
0.00008426908940710316
0.00015504471990535306
0.00025326101137334857
0.00038099746501662698
0.00053955989140871431
0.00072941427307669283
0.00095015537231777703
0.00120050847472185480
0.00147836064952223590
0.00178081650559719340
0.00210427273461679790
0.00244450578236214860
0.00279676771206826410
0.00315588657820021000
0.00351636920868206910
0.00387250594434499720
0.00421847832874226380
0.00454847170877884390
0.00485679496970731550
0.00513800904381923450
0.00538706437926883120
0.00559944536071800040
0.00577131701729561610
0.00589966664686723640
0.00598243071746771930
0.00601859606464213650
0.00600826438294716720
0.00595267052867818040
0.00585414818788285770
0.00571604073893923130
0.00554256014270985800
0.00533860176184225520
0.00510952743573913570
0.00486093228741898540
0.00459841216738350340
0.00432734816336490140
0.00405272232671817410
0.00377897505095777010
0.00350990994017240770
0.00324864716881504080
0.00299762188437972550
0.00275862065035047990
0.00253284659642561600
0.00232100295407977690
0.00212338492558602740
0.00193997112268432340
0.00177050777871500580
0.00161458121624419540
0.00147167630153536230
0.00134122057197448600
0.00122261521465187100
0.00111525503678720270
0.00101854002256747990
0.00093188110118739534
0.00085470247782368648
0.00078644243156247048
0.00072655397704869359
0.00067450630739713288
0.00062978753875879293
0.00059190898355435389
0.00056041098526181496
0.00053487023103044413
0.00051490838978147132
0.00050020187383381317
0.00049049246884761647
0.00048559850690636574
0.00048542616774177274
0.00048998038876615858
0.00049937475675472076
0.00051383965649508289
0.00053372787849144941
0.00055951685149637604
0.00059180667687139233
0.00063131320927581065
0.00067885555903696724
0.00073533759100606231
0.00080172326499126987
0.00087900600093341707
0.00096817264640026133
0.00107016305175632780
0.00118582668310239440
0.00131587807550765820
0.00146085319127525800
0.00162106884167858990
0.00179658720874643040
0.00198718714381754170
0.00219234333603414870
0.00241121369526476300
0.00264263448258651200
0.00288512198324777490
0.00313687900038955730
0.00339580428495191420
0.00365950329241289440
0.00392529937879148530
0.00419024563299215040
0.00445113881544702270
0.00470453809063400060
0.00494679213242648660
0.00517407850193989540
0.00538245878561489660
0.00556795180187980980
0.00572662535147863430
0.00585470475159289870
0.00594869410579965550
0.00600550429839797040
0.00602258039122373010
0.00599802065200133810
0.00593067989745844470
0.00582025105905730180
0.00566732059973553900
0.00547339527760862770
0.00524089942947356810
0.00497314318881199140
0.00467426276611289820
0.00434913417793796230
0.00400326182973047630
0.00364264342518797610
0.00327361307001263010
0.00290266534264918680
0.00253626454686843110
0.00218064519363533580
0.00184161168579828140
0.00152434681549421620
0.00123323964638062950
0.00097174334151994900
0.00074227236542579703
0.00054614627255545364
0.00038358420958932421
0.00025375065648476934
0.00015484923348940824
0.00008425802736980070
0.00003869719126071956
0.00001441778591496198
0.00000740005830935161
0.00001354956906890128
0.00002888064966117475
0.00004967839018774519
0.00007263249345509056
0.00009493864784878630
0.00011436536534083479
0.00012928634003668991
0.00013868019455194735
0.00014210093155694417
0.00013962347309500492
0.00013176936099114754
0.00011941804197452871
0.00010370922018808964
0.00008594158361370661
0.00006747285563703377
0.00004962563897414370
0.00003360294745939894
0.00002041669121568764
0.00001083171040936899
0.00000532725035126324
0.00000407703804290926
