0.00004563388430299729
0.00005270473439804300
0.00005819955372837854
0.00006172424693607453
0.00006303211566862672
0.00006203789758594194
0.00005882296935917143
0.00005363130291078531
0.00004685609270512140
0.00003901737076822257
0.00003073139175751528
0.00002267308379792411
0.00001553338756445429
0.00000997379881395998
0.00000658083238733419
0.00000582338079903387
0.00000801599597522077
0.00001329094075387227
0.00002158142147617233
0.00003261773589603685
0.00004593719322413335
0.00006090765541524629
0.00007676350342967989
0.00009265185443369661
0.00010768605072909571
0.00012100289906940213
0.00013181992254870771
0.00013948902109113111
0.00014354340234849793
0.00014373538229216703
0.00014006356936413093
0.00013278892161766470
0.00012244008139726775
0.00010980913700899535
0.00009593945245580908
0.00008210739916153478
0.00006979971493767032
0.00006068784438357417
0.00005660005606980970
0.00005949148481716110
0.00007141162370548689
0.00009446829988549529
0.00013078690561517088
0.00018246368946906529
0.00025151227489676048
0.00033980325476583068
0.00044899765718518439
0.00058047619311812296
0.00073526734800288915
0.00091397841316387949
0.00111673430898755500
0.00134312938836728580
0.00159219722276431510
0.00186240262005462130
0.00215165883020270640
0.00245737116297229440
0.00277650623799309030
0.00310568402366482670
0.00344128792687062570
0.00377958668456210200
0.00411686084976081980
0.00444952635823805780
0.00477424802655446960
0.00508803680482470410
0.00538832605792836840
0.00567302390034042560
0.00594054046688107140
0.00618979077742234410
0.00642017539198242760
0.00663154224407796250
0.00682413382772195390
0.00699852429058098800
0.00715555098779609420
0.00729624474213162390
0.00742176251604367840
0.00753332551239413710
0.00763216495871167030
0.00771947705843889670
0.00779638785995985600
0.00786392813427928130
0.00792301778646038560
0.00797445886604127190
0.00801893589235289080
0.00805702197177633750
0.00808918905184420610
0.00811582062532079440
0.00813722525720091650
0.00815364944792604590
0.00816528855399334050
0.00817229474789768660
0.00817478129741854190
0.00817282276393785710
0.00816645104581561340
0.00815564751247720670
0.00814033177652361170
0.00812034792587305530
0.00809544927868192410
0.00806528292478386930
0.00802937547293778790
0.00798712152642528860
0.00793777645137568040
0.00788045497076857170
0.00781413699822195060
0.00773768190468585460
0.00764985207568775940
0.00754934616092531750
0.00743484184682996310
0.00730504731628605750
0.00715875983557071480
0.00699492918181211960
0.00681272296394506980
0.00661159037247596730
0.00639132059179013410
0.00615209208239545990
0.00589450922312987230
0.00561962339479364030
0.00532893644903037650
0.00502438556628740250
0.00470830966419757970
0.00438339865944971810
0.00405262790224077040
0.00371918090239452360
0.00338636399208364900
0.00305751680245901430
0.00273592238893113040
0.00242472057100128710
0.00212682762334428150
0.00184486493394954300
0.00158109869096512320
0.00133739211229114570
0.00111517120993114810
0.00091540458656228245
0.00073859728764364828
0.00058479827206074880
0.00045362061964699041
0.00034427317913765602
0.00025560200061080281
0.00018613962310030618
0.00013416012858335078
0.00009773784396426320
0.00007480767113612179
0.00006322523017396660
0.00006082527416370714
0.00006547712887112755
0.00007513617959371054
0.00008789063424109665
0.00010200291622942554
0.00011594508393119750
0.00012842765550122223
0.00013842117391951695
0.00014516981943805163
0.00014819640680889323
0.00014729822583162472
0.00014253341498546030
0.00013419790117774060
0.00012279337832427078
0.00010898730222188847
0.00009356640553691249
0.00007738573403226407
0.00006131562095777201
0.00004618930228659003
0.00003275399187282516
0.00002162815711768415
0.00001326745404767617
0.00000794130647912855
0.00000572147661521825
0.00000648321999531264
0.00000991880455595913
0.00001556236666915970
0.00002282434142894908
0.00003103309856355413
0.00003948098506052756
0.00004747174997906391
0.00005436631595212212
0.00005962405639785045
0.00006283711134485534
0.00006375578885830416
0.00006230370619023184
0.00005858197537356860
0.00005286238523768829
0.00004557013608313374
0.00003725721495532890
0.00002856794046627878
0.00002019854935553984
0.00001285294456670450
0.00000719688479975632
0.00000381297899042470
0.00000315886535451091
0.00000553090835651277
0.00001103563636813332
0.00001957095873565105
0.00003081892824028245
0.00004425143517700157
0.00005914971560872199
0.00007463791891379759
0.00008973021153678352
0.00010339001589655874
0.00011459903821510102
0.00012243279144407351
0.00012613845410704887
0.00012521022083758065
0.00011945689727613084
0.00010905646296775366
0.00009459273917059914
0.00007707018396178368
0.00005790417463338191
0.00003888585028977562
0.00002212254260136574
0.00000995683914534323
0.00000486919102837079
0.00000937047888892609
0.00002589189769455773
0.00005667977384182974
0.00010370242971761679
0.00016857499685598996
0.00025250628032368023
0.00035626960671944610
0.00048019731221967120
0.00062419642618630623
0.00078778143276101668
0.00097011893336510868
0.00117007867775995940
0.00138628576426316240
0.00161716971543787660
0.00186100742395432440
0.00211595840652906110
0.00238009217796944380
0.00265140868019510130
0.00292785345876293460
0.00320732963693031500
0.00348770873256153350
0.00376684208700951920
0.00404257424313244580
0.00431275913337976490
0.00457527950273098690
0.00482806963962968940
0.00506914122492033510
0.00529661190773956290
0.00550873603814139820
0.00570393679297560680
0.00588083870689932830
0.00603829937306382940
0.00617543884152738260
0.00629166506768930130
0.00638669370109368630
0.00646056059901525550
0.00651362571924361030
0.00654656748393686070
0.00656036727460884450
0.00655628435838157260
0.00653582218672895970
0.00650068757910028660
0.00645274474500708620
0.00639396636850340230
0.00632638406100329180
0.00625204038802348870
0.00617294441858078170
0.00609103237239826560
0.00600813449643937230
0.00592594883531198740
0.00584602211096234280
0.00576973752772100020
0.00569830899001561810
0.00563278097174191740
0.00557403310859550230
0.00552278849054645400
0.00547962459942232840
0.00544498585262488420
0.00541919676497474790
0.00540247481512294740
0.00539494219241957920
0.00539663569950565420
0.00540751419342753480
0.00542746306484060730
0.00545629538405636470
0.00549374948869768130
0.00553948295516741920
0.00559306308874546290
0.00565395428665665510
0.00572150287348399680
0.00579492027313541130
0.00587326565521834560
0.00595542945916405740
0.00604011943371096650
0.00612585100393097780
0.00621094386074684620
0.00629352662603342200
0.00637155125053723730
0.00644281843103753930
0.00650501478023861580
0.00655576175934417980
0.00659267552281542730
0.00661343588445176960
0.00661586167186283770
0.00659798888631824880
0.00655814742678170830
0.00649503176476649760
0.00640776094542042440
0.00629592368297268200
0.00615960511651549630
0.00599939294929499170
0.00581636211985109720
0.00561203871754195700
0.00538834540602846530
0.00514753199929067050
0.00489209590412074000
0.00462469779269867370
0.00434807803753042240
0.00406497912051749340
0.00377807846152833190
0.00348993498572193690
0.00320295137853946360
0.00291935249222766060
0.00264117889735271220
0.00237029323569626840
0.00210839592921867280
0.00185704601673174600
0.00161768249011843460
0.00139164153080278460
0.00118016552805463140
0.00098440068859260857
0.00080538137975639005
0.00064400099878145266
0.00050097099131186885
0.00037677147017723891
0.00027159849576403037
0.00018531424998320206
0.00011740687006529019
0.00006696646942640401
0.00003268281412136028
0.00001286830734874622
0.00000550753432435021
0.00000833190255710463
0.00001891520446890859
0.00003478356975373011
0.00005353156592461357
0.00007293536649465055
0.00009105404140031272
0.00010631110880803023
0.00011755037413623854
0.00012406252659258424
0.00012558166299299236
0.00012225354706204701
0.00011457970426351249
0.00010334317793360508
0.00008952280108452815
0.00007420313471671308
0.00005848684189457029
0.00004341533188809245
0.00002990219005109935
0.00001868239354382982
0.00001027877846651657
0.00000498581922983905
0.00000286961269754611
0.00000378208728836707
0.00000738689528095084
0.00001319417209150720
0.00002060130997980726
0.00002893703206544493
0.00003750629979652567
