0.00007649230277477299
0.00007486706420491766
0.00007068874125379947
0.00006423343042844173
0.00005592933942772449
0.00004633390490840123
0.00003610338810690121
0.00002595616161606723
0.00001663132678696878
0.00000884469969761062
0.00000324453151051279
0.00000036954184690209
0.00000061190153097052
0.00000418767427022867
0.00001111690199641875
0.00002121500182780022
0.00003409646134580260
0.00004919102084594402
0.00006577168082629045
0.00008299304515585208
0.00009993778258208818
0.00011566843246510814
0.00012928145046947758
0.00013996031910116829
0.00014702474120565614
0.00014997336702577329
0.00014851812500464901
0.00014260895979408578
0.00013244854245509827
0.00011849722139352777
0.00010146905279999245
0.00008232013206894971
0.00006223061716818184
0.00004258179716533847
0.00002492935002096998
0.00001097361298634035
0.00000252733001172739
0.00000148101894238898
0.00000976588240602260
0.00002931411554288948
0.00006201655981314422
0.00010967790500714640
0.00017397001504693320
0.00025638439126518851
0.00035818522313199819
0.00048036484409444012
0.00062360365170102564
0.00078823662548446597
0.00097422846316040266
0.00118115905772842420
0.00140822057758373540
0.00165422682767106450
0.00191763491194106880
0.00219657854101242220
0.00248891168879505690
0.00279226074760421760
0.00310408290381324450
0.00342172818449303470
0.00374250252542965770
0.00406372928377179280
0.00438280685164600500
0.00469726039493095770
0.00500478620821034370
0.00530328770003372140
0.00559090255666577430
0.00586602113408331120
0.00612729656000065520
0.00637364736300784220
0.00660425366954799870
0.00681854811938091290
0.00701620265617448370
0.00719711227110057370
0.00736137663881403750
0.00750928041394766530
0.00764127277751649150
0.00775794665697287100
0.00786001790518089760
0.00794830461929722440
0.00802370671094479810
0.00808718579955523300
0.00813974548359244770
0.00818241204071912600
0.00821621560970144800
0.00824217190789255410
0.00826126453520910530
0.00827442790826800160
0.00828253085901990180
0.00828636092490210240
0.00828660935731872530
0.00828385688725310180
0.00827856031532177120
0.00827104004133955880
0.00826146871613860950
0.00824986128414531910
0.00823606678453202290
0.00821976238431063220
0.00820045021850466550
0.00817745769813427340
0.00814994200197419540
0.00811689947782527100
0.00807718062873848120
0.00802951123673759270
0.00797251997272206000
0.00790477255425283030
0.00782481214889529410
0.00773120529543040200
0.00762259215448502900
0.00749773943943186310
0.00735559396059097800
0.00719533438731745620
0.00701641863865458490
0.00681862429191115380
0.00660207957482773520
0.00636728288790957410
0.00611510937463428500
0.00584680378201615000
0.00556395967583370000
0.00526848592223043250
0.00496256214167354200
0.00464858550566740920
0.00432911171590679570
0.00400679323430793400
0.00368431780103114450
0.00336434999518734090
0.00304947809587041970
0.00274216784879747180
0.00244472401089728880
0.00215925981261848310
0.00188767382313861490
0.00163163319258482110
0.00139256192446209630
0.00117163272417324580
0.00096976107455624733
0.00078760048199847017
0.00062553827212769746
0.00048369183278794864
0.00036190573616943909
0.00025975065258477880
0.00017652533244857235
0.00011126313010622490
0.00006274454096978485
0.00002951701160439598
0.00000992287419829984
0.00000213568812879492
0.00000420459708558078
0.00001410559856178381
0.00002979794706838483
0.00004928334375613350
0.00007066516268411244
0.00009220476939898386
0.00011237202036245047
0.00012988728827246452
0.00014375281292636091
0.00015327178695168593
0.00015805429600539310
0.00015800998475748728
0.00015332805579234190
0.00014444587830860089
0.00013200804780944320
0.00011681817001500619
0.00009978592766667402
0.00008187212452597024
0.00006403439245387681
0.00004717610729657157
0.00003210080407070875
0.00001947403097916152
0.00000979415601080649
0.00000337316117176745
0.00000032795032679872
0.00000058218021957809
0.00000387812359214350
0.00000979761095874182
0.00001779069446823888
0.00002721035158358367
0.00003735131209163220
0.00004749095803613809
0.00005693021525712517
0.00006503242367628669
0.00007125833166868526
0.00007519559326510015
0.00007658143771643682
0.00007531751004853510
0.00007147623045750107
0.00006529837438139085
0.00005718192270783836
0.00004766256656541452
0.00003738657172925315
0.00002707701523859547
0.00001749470372134065
0.00000939536969635822
0.00000348501468314490
0.00000037551517538720
0.00000054280996969112
0.00000429011741012964
0.00001171865524818132
0.00002270821853032647
0.00003690968050046101
0.00005375099673280958
0.00007245760964162206
0.00009208728806174769
0.00011157843978789841
0.00012980987477778579
0.00014566896586452459
0.00015812425834458107
0.00016629792725717036
0.00016953316654339993
0.00016745168569194628
0.00015999701582953229
0.00014746026991908776
0.00013048629240124969
0.00011005965858157679
0.00008747159564948739
0.00006427043058288142
0.00004219946355309295
0.00002312708070607729
0.00000897436099370056
0.00000164535606997388
0.00000296464784564703
0.00001462578972526326
0.00003815293604445862
0.00007487651142439473
0.00012592233028631248
0.00019221230039683572
0.00027447386052475395
0.00037325469934238435
0.00048893912247200940
0.00062176267139395019
0.00077182220283488520
0.00093907952639342689
0.00112335776384667810
0.00132433071647993710
0.00154150658794976140
0.00177420830202875640
0.00202155329002931580
0.00228243594226417570
0.00255551589417406680
0.00283921495723207490
0.00313172484669330940
0.00343102697064507890
0.00373492451734657150
0.00404108601280316750
0.00434709852207209100
0.00465052783103684940
0.00494898234639019970
0.00524017713970217900
0.00552199455501129440
0.00579253808498913620
0.00605017675659346760
0.00629357798945396570
0.00652172772188711490
0.00673393745943818340
0.00692983871346975100
0.00710936599957771600
0.00727273011239381890
0.00742038375974238100
0.00755298182020531190
0.00767133849637347590
0.00777638349721703100
0.00786911913136669960
0.00795057986652526920
0.00802179554584621890
0.00808375908294094000
0.00813739910990443800
0.00818355774669200960
0.00822297340720500900
0.00825626836267960050
0.00828394064600841520
0.00830635979695696150
0.00832376591072244220
0.00833627145247391520
0.00834386532973297080
0.00834641876460974310
0.00834369257198648230
0.00833534552206517160
0.00832094354191529120
0.00829996958759322310
0.00827183409370711200
0.00823588597906526820
0.00819142425335758760
0.00813771032834025710
0.00807398118461303060
0.00799946357772848320
0.00791338948004001110
0.00781501294170603230
0.00770362850987816800
0.00757859126436962860
0.00743933840802657450
0.00728541219081355660
0.00711648375291027130
0.00693237725396745380
0.00673309342903922420
0.00651883149819984870
0.00629000818249879700
0.00604727247197180910
0.00579151477921271710
0.00552386921699889260
0.00524570797413118850
0.00495862713066211760
0.00466442373706723100
0.00436506454994111440
0.00406264742213917860
0.00375935692865243200
0.00345741630573822730
0.00315903812687652170
0.00286637628288284600
0.00258148174238270480
0.00230626423644427400
0.00204246146092893410
0.00179161667495403190
0.00155506477130002940
0.00133392609795403140
0.00112910661653842160
0.00094130248121038825
0.00077100687714414928
0.00061851700576924453
0.00048393944214467169
0.00036719267801133264
0.00026800642888054891
0.00018591812776697848
0.00012026784305718865
0.00007019353679631116
0.00003462903083165685
0.00001230720630581542
0.00000177079500891969
0.00000139263406828761
0.00000940648950556166
0.00002394858203988258
0.00004310886680196161
0.00006499003805115276
0.00008777126418435092
0.00010977291240232873
0.00012951808215597572
0.00014578668922751866
0.00015765815012535678
0.00016453939296822391
0.00016617591182590527
0.00016264479895814821
0.00015433002135852922
0.00014188152948522374
0.00012616097291634178
0.00010817774044485109
0.00008901965822863234
0.00006978292219218166
0.00005150570322058103
0.00003510937846194065
0.00002135057565313690
0.00001078626024990911
0.00000375304959893657
0.00000036090577418136
0.00000050042764872695
0.00000386220020619136
0.00000996610494209086
0.00001819816127804604
0.00002785234167609138
0.00003817484957699974
0.00004840852466165664
0.00005783529613609968
0.00006581489789661912
0.00007181835576867602
0.00007545503629052643
