0.00009305053225946294
0.00008533701717405620
0.00007535573251175271
0.00006372443261671418
0.00005116928787514103
0.00003848666979235802
0.00002650068065752009
0.00001601840523957819
0.00000778510189594810
0.00000244168715300035
0.00000048687273508653
0.00000224616777134164
0.00000784965506229984
0.00001721999788300792
0.00003007155804838138
0.00004592084690766426
0.00006410784006908332
0.00008382702186289497
0.00010416644482344398
0.00012415264420492634
0.00014279897624148842
0.00015915487209418512
0.00017235361683419536
0.00018165655264195459
0.00018649202682780884
0.00018648790332832186
0.00018149696889811176
0.00017161503128797331
0.00015719187469112226
0.00013883547274116256
0.00011740994817474518
0.00009402772147538741
0.00007003614118214591
0.00004699868620417596
0.00002667063516925525
0.00001096896943976253
0.00000193626519044284
0.00000169846782937139
0.00001241673672846208
0.00003623398066672223
0.00007521723049385604
0.00013129755178087522
0.00020620971243288607
0.00030143421404187055
0.00041814450737779404
0.00055716219792851271
0.00071892278914334462
0.00090345402026631720
0.00111036817111303940
0.00133886888896145810
0.00158777221842355520
0.00185554066422552760
0.00214032836510803190
0.00244003486743564830
0.00275236460331609560
0.00307488902134724420
0.00340510838693342190
0.00374051054117377100
0.00407862434392001860
0.00441706607803788070
0.00475357770341705220
0.00508605646663485600
0.00541257594654667200
0.00573139910768142090
0.00604098431384011630
0.00633998550795571420
0.00662724788771095180
0.00690180040754403630
0.00716284633372656860
0.00740975289418714140
0.00764204082661657480
0.00785937436608093350
0.00806155195414016980
0.00824849771856119540
0.00842025358366852060
0.00857697173706241380
0.00871890710286216640
0.00884640945245866730
0.00895991481343876190
0.00905993590463705260
0.00914705141701563360
0.00922189406287355140
0.00928513741764018000
0.00933748166952831640
0.00937963846607909460
0.00941231509997843450
0.00943619830956669330
0.00945193798502971800
0.00946013107418183960
0.00946130597796817320
0.00945590772146212390
0.00944428418665577490
0.00942667370273442270
0.00940319430969311500
0.00937383504151494300
0.00933844961238791510
0.00929675292765394860
0.00924832087210354300
0.00919259384190496480
0.00912888447217414040
0.00905638995964606550
0.00897420928058857880
0.00888136545273075780
0.00877683278591128230
0.00865956881445355260
0.00852855031636645150
0.00838281251808001280
0.00822149028176921880
0.00804385980240518790
0.00784937913187320860
0.00763772572451051380
0.00740882918402213650
0.00716289749966206050
0.00690043529302515010
0.00662225294696672590
0.00632946593408408290
0.00602348417205372370
0.00570599176704322370
0.00537891802034881630
0.00504440102371951980
0.00470474551705372510
0.00436237689928829080
0.00401979335306271600
0.00367951796445124520
0.00334405250386792020
0.00301583420975316860
0.00269719652003122360
0.00239033427141822080
0.00209727347933108020
0.00181984546451857820
0.00155966484246454550
0.00131811076288007890
0.00109631079015483860
0.00089512694714387765
0.00071514368458340841
0.00055665785364601532
0.00041967110617062138
0.00030388547656224626
0.00020870316146061758
0.00013323166367727951
0.00007629547229303960
0.00003645529353841640
0.00001203552809220481
0.00000116023003797278
0.00000179721895827854
0.00001180940135364646
0.00002901175057489328
0.00005123185667801995
0.00007637154400936561
0.00010246680763727150
0.00012774326585724048
0.00015066447157498968
0.00016997075791691708
0.00018470678363210496
0.00019423654981767178
0.00019824533196761800
0.00019672865929933137
0.00018996912907042675
0.00017850242682972720
0.00016307440383991830
0.00014459142081276079
0.00012406639376519538
0.00010256307359790835
0.00008114106346880619
0.00006080393973006044
0.00004245260866235095
0.00002684571945687129
0.00001456858128036943
0.00000601161617053647
0.00000135893714404491
0.00000058718936775899
0.00000347434862949691
0.00000961775258035687
0.00001846026267533690
0.00002932313351445417
0.00004144391429247559
0.00005401753401939342
0.00006623863370968633
0.00007734320580842728
0.00008664767984838153
0.00009358374539370359
0.00009772741688568718
0.00009882110608139586
0.00009678776187089495
0.00009173645101114619
0.00008395907588024103
0.00007391824926638853
0.00006222666750232747
0.00004961864079952388
0.00003691475364865259
0.00002498093817006885
0.00001468354588163900
0.00000684228998597261
0.00000218318593664807
0.00000129382085343349
0.00000458340470197399
0.00001225006730287785
0.00002425773537925794
0.00004032462912383376
0.00005992494558500304
0.00008230465006746655
0.00010651149978363357
0.00013143851999418635
0.00015587920485636258
0.00017859180086500365
0.00019836923531747809
0.00021411065914440266
0.00022489025442582825
0.00023001896226311713
0.00022909513755444468
0.00022204082094757748
0.00020912128754194649
0.00019094670837731099
0.00016845604225699065
0.00014288454668827814
0.00011571744148357617
0.00008863317237313858
0.00006344032336886440
0.00004201246577915683
0.00002622509555393677
0.00001789832340873339
0.00001874820260309364
0.00003034859346099395
0.00005410437576390374
0.00009123574082785943
0.00014277233042590945
0.00020955523025664383
0.00029224433752009422
0.00039132844091642027
0.00050713547915092589
0.00063984085013031871
0.00078947226809767594
0.00095591042905828708
0.00113888555293813570
0.00133797062943961950
0.00155257281812498000
0.00178192487505452760
0.00202507865714277600
0.00228090267951989350
0.00254808538844815590
0.00282514530675686800
0.00311044857401626120
0.00340223371455993570
0.00369864279942968240
0.00399775759241951210
0.00429763883987529980
0.00459636661315396180
0.00489207955408341080
0.00518301099860012800
0.00546752023521245540
0.00574411755333727790
0.00601148220516038460
0.00626847289568898450
0.00651413088548765190
0.00674767620371239350
0.00696849780049409350
0.00717613870377922010
0.00737027738343011290
0.00755070657076556580
0.00771731074755371400
0.00787004342165672360
0.00800890516565334540
0.00813392322797406450
0.00824513334949412630
0.00834256424521940400
0.00842622505023656390
0.00849609588754017890
0.00855212159559714210
0.00859420855588486670
0.00862222448358627300
0.00863600098540385010
0.00863533864380327220
0.00862001435365055380
0.00858979061230551700
0.00854442644555512480
0.00848368963782997550
0.00840736992517060470
0.00831529280319069640
0.00820733359998578050
0.00808343146585703210
0.00794360293806358790
0.00778795474952518030
0.00761669556505008280
0.00743014634650243300
0.00722874906838745240
0.00701307352669483350
0.00678382200594141410
0.00654183159231967820
0.00628807394580916530
0.00602365237328602880
0.00574979608138787620
0.00546785153618329670
0.00517927092067288830
0.00488559776407937640
0.00458844992012191490
0.00428950019333071510
0.00399045504731978300
0.00369303196675624820
0.00339893617126168190
0.00310983747714236540
0.00282734815282152360
0.00255300259862573840
0.00228823958817932740
0.00203438763190305890
0.00179265376838855950
0.00156411577437191100
0.00134971743858911910
0.00115026620919828440
0.00096643224518430529
0.00079874772609580624
0.00064760524187752353
0.00051325422198446758
0.00039579467703798713
0.00029516799978793136
0.00021114516312652210
0.00014331329745267775
0.00009106224834801776
0.00005357322267111227
0.00002981194622679718
0.00001852881506188101
0.00001826828765720081
0.00002738923284825634
0.00004409715058228322
0.00006648818637211581
0.00009260376010518003
0.00012049353767178450
0.00014828350617710135
0.00017424517768002432
0.00019686152813234921
0.00021488523143870005
0.00022738508939241221
0.00023377726312580140
0.00023383892031831957
0.00022770313449485790
0.00021583519814705676
0.00019899182184302444
0.00017816587284089503
0.00015452026039160504
0.00012931522706087077
0.00010383361314803604
0.00007930861541254800
0.00005685818530331730
0.00003742955753705501
0.00002175654031078241
0.00001033121925791849
0.00000339071700922746
0.00000091869127137022
0.00000266041520417992
0.00000814961376188166
0.00001674475567997904
0.00002767222802743123
0.00004007373439177318
0.00005305532975735625
0.00006573569703905920
0.00007729154148010711
0.00008699829224358176
0.00009426462563014181
0.00009865964185364156
0.00009993182867404180
0.00009801923179096293
