0.00000100562092797592
0.00000153367855543809
0.00000612991414067085
0.00001396301678378740
0.00002399880629067160
0.00003511498943129708
0.00004620260279710565
0.00005624798026509816
0.00006439365912767180
0.00006998003671560841
0.00007257150068349988
0.00007197114286670874
0.00006822722075701884
0.00006163266928308599
0.00005271681868423034
0.00004222680076459427
0.00003109561959841602
0.00002039488306550512
0.00001127253779482525
0.00000487883908529875
0.00000228613041169830
0.00000440892064179366
0.00001193004690599851
0.00002523706358728429
0.00004437154137360733
0.00006899354254314264
0.00009836405665755631
0.00013134857817181787
0.00016644412182676758
0.00020182976094876824
0.00023543892714302390
0.00026505278116738365
0.00028841910949308858
0.00030340788981784517
0.00030821643169893863
0.00030162649649826686
0.00028329036309198883
0.00025398921853605523
0.00021578183634100436
0.00017196351663517224
0.00012679579994380401
0.00008503988098261620
0.00005140514329153305
0.00003007354510588046
0.00002445310121562576
0.00003724503698225974
0.00007080286627622101
0.00012765919997853597
0.00021103733479483752
0.00032516897515403925
0.00047529846378755548
0.00066733923959241988
0.00090722846764005607
0.00120008194657250130
0.00154928201042324160
0.00195564511198278440
0.00241681981894262480
0.00292705625570039650
0.00347745228928923600
0.00405671018895404320
0.00465233482265599210
0.00525209431659442570
0.00584548183553418740
0.00642489452765251590
0.00698629594484274660
0.00752923938412340590
0.00805626913204507410
0.00857184482102764720
0.00908101879431174280
0.00958812239555164450
0.01009568787416358400
0.01060376467208204800
0.01110970357705017500
0.01160839864254512700
0.01209290800218280500
0.01255532766212114200
0.01298776930142216500
0.01338329333871839300
0.01373666927174106200
0.01404487197041844900
0.01430726889461306900
0.01452550163142153600
0.01470310813986584800
0.01484496335905489300
0.01495663151383293800
0.01504372270523603500
0.01511133132561039100
0.01516360892072521200
0.01520349505537565500
0.01523260238354795500
0.01525123137315177600
0.01525847902726452600
0.01525240512848000100
0.01523022722186148000
0.01518852802225980800
0.01512347153320422200
0.01503103262360771700
0.01490724647912959600
0.01474847900147353300
0.01455170908186122900
0.01431480253285780100
0.01403674929229358300
0.01371783294936899600
0.01335970510576870900
0.01296534495911441500
0.01253889435670463100
0.01208536883539163700
0.01161025621359287700
0.01111902815246144400
0.01061660851908033200
0.01010686423042729400
0.00959220373345351550
0.00907337562584640230
0.00854954512338831910
0.00801868431773200550
0.00747824837878418790
0.00692603946544241480
0.00636110461040313970
0.00578449253995168800
0.00519971602669125600
0.00461282500304775830
0.00403207313816478920
0.00346723461199967930
0.00292868136358720400
0.00242635802610487350
0.00196879605971312210
0.00156229813879100420
0.00121040338726444910
0.00091371214217213193
0.00067010100217880183
0.00047529435679451480
0.00032368666577618159
0.00020924981616202143
0.00012633449790915003
0.00007019877851342321
0.00003716966670855365
0.00002444492070229286
0.00002964126575341916
0.00005026004935508234
0.00008325250069826141
0.00012482317261136678
0.00017052888449573604
0.00021563946880306925
0.00025565424732041400
0.00028683388863481245
0.00030661640722587689
0.00031382986189191472
0.00030867496058230559
0.00029250845103869356
0.00026749766329146993
0.00023623110739546299
0.00020136147200787736
0.00016533341894412812
0.00013021881825227722
0.00009765469184712818
0.00006885927868768327
0.00004469145261813843
0.00002571821284962807
0.00001226272781303392
0.00000441894693174040
0.00000203458113650716
0.00000467811748575993
0.00001161357862683025
0.00002180660127272455
0.00003397723437660986
0.00004670140396731574
0.00005854869277517718
0.00006823344857302398
0.00007475227353316212
0.00007748426841977986
0.00007623930211107337
0.00007125091587242727
0.00006312093230384530
0.00005272997250118683
0.00004113085858482777
0.00002944063889288779
0.00001874299934736589
0.00001000773762964658
0.00000402923326678218
0.00000138243918828912
0.00000239329013917830
0.00000712051952728503
0.00001534728116974473
0.00002658303998299712
0.00004007818499137912
0.00005485502780181816
0.00006975876043285655
0.00008353035735581576
0.00009490052908178650
0.00010270028940127503
0.00010598037774098001
0.00010412957675564942
0.00009698145093485123
0.00008490018745278970
0.00006883840608492774
0.00005036203023598681
0.00003163876262212455
0.00001538730920786329
0.00000478515413632882
0.00000333497322151543
0.00001469497705717454
0.00004248646620306105
0.00009010041340361220
0.00016053000502622882
0.00025625376845967221
0.00037918241345802708
0.00053066396259468344
0.00071152203154711076
0.00092208856613932189
0.00116219023639390810
0.00143105768871634210
0.00172714508276965790
0.00204786830830200500
0.00238929076669436170
0.00274580633201007910
0.00310989223306299810
0.00347202807342222040
0.00382089023584133820
0.00414391547817892590
0.00442826779923097790
0.00466213851879006180
0.00483618564187449780
0.00494482082385379940
0.00498702951722428380
0.00496648879319191650
0.00489091371057967600
0.00477076254732031710
0.00461759136118129740
0.00444241252418132400
0.00425436590310995090
0.00405988829491387740
0.00386242666152810050
0.00366263753856963530
0.00345896975145998850
0.00324852356132233210
0.00302808052211089820
0.00279517794006313260
0.00254906268136245210
0.00229133237199608940
0.00202609611450659320
0.00175957962749561710
0.00149924235604596100
0.00125261622463623950
0.00102615935589813710
0.00082440681115211387
0.00064959747178814134
0.00050180263910510714
0.00037943680881008453
0.00027994470845194784
0.00020045267067248036
0.00013823468980814229
0.00009093861026526690
0.00005660535049535661
0.00003356537431402547
0.00002030374279499526
0.00001535863254691984
0.00001727848179356792
0.00002462925249945971
0.00003602662189563124
0.00005016885844837562
0.00006585783341129990
0.00008200885217393820
0.00009765780967505022
0.00011197423051760039
0.00012428301003061909
0.00013409035471201452
0.00014110455393391894
0.00014524188267591684
0.00014661180441291683
0.00014548163057112579
0.00014222631153528841
0.00013727216750231472
0.00013104350177262956
0.00012391882204732400
0.00011620019704239010
0.00010809649392821233
0.00009971977513096030
0.00009109418555234415
0.00008217784736631352
0.00007289985642693818
0.00006321553916944513
0.00005318272995290017
0.00004305908910280721
0.00003341489205473601
0.00002524764736049946
0.00002007611746911227
0.00001998511222115584
0.00002759287180938121
0.00004592310513083987
0.00007818388936480422
0.00012748120781344170
0.00019651730161878334
0.00028733336778071264
0.00040114595448004534
0.00053829787177980045
0.00069830776954198960
0.00087997367073137760
0.00108147898812555300
0.00130046944516535130
0.00153410641237059940
0.00177913603287949660
0.00203202279727471810
0.00228917106564496080
0.00254720765942405110
0.00280324877606254530
0.00305505437394078130
0.00330099878862339430
0.00353984945645145030
0.00377041641573574350
0.00399117819800557260
0.00419998415764817610
0.00439388618642912090
0.00456909496663789220
0.00472102323048971630
0.00484438883979758980
0.00493339181583755340
0.00498201674123018460
0.00498450986205485010
0.00493602702268794870
0.00483336603420519200
0.00467562917679769080
0.00446464859052198280
0.00420506162931005410
0.00390402146129482760
0.00357062481101627640
0.00321519222452346790
0.00284853132313001150
0.00248126663536728030
0.00212326557458254910
0.00178315969660250190
0.00146796297487409000
0.00118281040294177220
0.00093085550946733992
0.00071335549646215919
0.00052993682805756268
0.00037898864199345419
0.00025809905048019237
0.00016444576136247165
0.00009507800091214242
0.00004706844220728568
0.00001755362429133846
0.00000370551840531231
0.00000268154541181606
0.00001159048855727237
0.00002749625213120109
0.00004746749616339810
0.00006867149775137662
0.00008850390328203502
0.00010473994460937367
0.00011568631039142174
0.00012030774288361457
0.00011830151148403468
0.00011009848532006709
0.00009678156137708110
0.00007992800343922143
0.00006139745682861432
0.00004309775840812119
0.00002676355691905763
0.00001377800669416151
0.00000505738503517396
