0.00000818330624833077
0.00001635002359304668
0.00002670114704963452
0.00003816645673139597
0.00004961180983267939
0.00005995090521549820
0.00006824272961073279
0.00007376622554340632
0.00007606852440785962
0.00007498721650837199
0.00007064982463166469
0.00006345466826340260
0.00005403692502372812
0.00004322257243220839
0.00003197184808221736
0.00002131361551708960
0.00001227292346660917
0.00000579593248068838
0.00000267856624517940
0.00000350670842413047
0.00000861553141433681
0.00001807309419825286
0.00003168893935719054
0.00004904312559989637
0.00006952654447823034
0.00009238106434363296
0.00011672902021416285
0.00014158591141566007
0.00016585706861916617
0.00018832708667819201
0.00020765827809865364
0.00022241942600890064
0.00023116668453067427
0.00023259253281636953
0.00022574480305647047
0.00021029643623033271
0.00018682151518650730
0.00015701175349619822
0.00012375968526125882
0.00009104863046327077
0.00006362748555619401
0.00004650371360478583
0.00004434496083171116
0.00006091883171925724
0.00009870547825780318
0.00015878360267924360
0.00024102589403987354
0.00034456431891273119
0.00046842159274693309
0.00061216930671480099
0.00077647104238963102
0.00096339485091970580
0.00117642235804656600
0.00142013083838922670
0.00169957387911116970
0.00201943376641521960
0.00238306261273864630
0.00279156380464231410
0.00324308049158469280
0.00373244285316248850
0.00425127573425289510
0.00478858853802317280
0.00533177679592669680
0.00586788274206432280
0.00638491198150109140
0.00687299718010926570
0.00732523682450676810
0.00773810506206312670
0.00811140868317298400
0.00844784099207742010
0.00875223654294657490
0.00903065981237925060
0.00928946565003408230
0.00953445455679881840
0.00977021758160158060
0.00999972969045540870
0.01022421182842281900
0.01044324494304964300
0.01065508796926652900
0.01085712967855050400
0.01104639381375404000
0.01122001885052377800
0.01137564683962701300
0.01151167706830098400
0.01162736555872440200
0.01172277630667106600
0.01179861094336706400
0.01185595775764877600
0.01189600780647557200
0.01191978552439039600
0.01192793502581037700
0.01192059274840537100
0.01189736376440532500
0.01185740436050036600
0.01179959859294591400
0.01172280273262692200
0.01162612026812926400
0.01150916302415774600
0.01137225246603347200
0.01121652036398986000
0.01104387970181391200
0.01085685388075534000
0.01065827269115923000
0.01045086441238895500
0.01023679199117808100
0.01001719527460127200
0.00979180908233158450
0.00955872718461429900
0.00931437367317110990
0.00905372438584324360
0.00877079120243431580
0.00845934233416122290
0.00811378666796106450
0.00773010810894830470
0.00730670760994889430
0.00684500664701813600
0.00634969224661903390
0.00582853841365599600
0.00529181141209433480
0.00475134016199748370
0.00421939051240341300
0.00370751074283337400
0.00322551152388878640
0.00278071185047019200
0.00237753385406096150
0.00201747527728891350
0.00169943697195941690
0.00142033818923249350
0.00117591658407043630
0.00096158529200085605
0.00077321071451987597
0.00060768700206901758
0.00046321908221231216
0.00033928170157529052
0.00023628652091662136
0.00015504755016538209
0.00009617249675353928
0.00005951507754082449
0.00004380075621217014
0.00004649345284302195
0.00006391597460461344
0.00009158522489940044
0.00012468491586237987
0.00015857946326613425
0.00018927443869326733
0.00021374894623369704
0.00023011800583544714
0.00023762072172234624
0.00023646419393607096
0.00022757643819968455
0.00021232973391378771
0.00019228880285586709
0.00016902008620064344
0.00014397568086246956
0.00011844493085905357
0.00009355303732599127
0.00007028115819455471
0.00004948531632869293
0.00003189928325976012
0.00001811627131560673
0.00000855309492504114
0.00000340674628126147
0.00000261629179424034
0.00000584257431691561
0.00001247487990639942
0.00002166840461518503
0.00003241026834834646
0.00004360633188966466
0.00005417738005466894
0.00006315206703326066
0.00006974543852826628
0.00007341524619075557
0.00007389260371596352
0.00007118764677993147
0.00006557383291571511
0.00005755589908258274
0.00004782635525875386
0.00003721422844018950
0.00002662830173118358
0.00001699602347041182
0.00000919907992991312
0.00000400747234555262
0.00000201557090730713
0.00000358546908775954
0.00000880429440327845
0.00001746225047352069
0.00002905664336830624
0.00004282400765577536
0.00005779824184379461
0.00007288837143870977
0.00008696634815538733
0.00009895416349534442
0.00010790098169052914
0.00011304472441095509
0.00011385759548375409
0.00011007999494437857
0.00010175068450543200
0.00008924186238763757
0.00007330555458685436
0.00005513266956109860
0.00003641897101171639
0.00001942428733566393
0.00000700408843396819
0.00000258818348299808
0.00001008215918344058
0.00003367551446949784
0.00007755713222511422
0.00014556192331216972
0.00024079684911993543
0.00036531195138653102
0.00051988415580815086
0.00070396372052424459
0.00091579743116880648
0.00115269886402320320
0.00141139889802565070
0.00168839264144948030
0.00198020802920667770
0.00228355171802586960
0.00259532596465986710
0.00291254039243421790
0.00323215564278074830
0.00355089356634422180
0.00386504169035023320
0.00417028044873728530
0.00446157448345570800
0.00473318606029837340
0.00497887206363398140
0.00519230037960652890
0.00536766413879655610
0.00550039931418442630
0.00558785224950963420
0.00562972829682005080
0.00562819451816370330
0.00558759752312688530
0.00551386016360243950
0.00541369949298887380
0.00529383568521276170
0.00516033317004440610
0.00501815022223006410
0.00487090335877092900
0.00472080646454280540
0.00456873383217680940
0.00441437407123616930
0.00425646803010092550
0.00409313758868101900
0.00392230264221503110
0.00374215464517783970
0.00355162186664989680
0.00335074197400972010
0.00314086351747017720
0.00292462987145305360
0.00270574698115307090
0.00248858399378519470
0.00227768878534619900
0.00207731025770369100
0.00189100626398990830
0.00172138725253371700
0.00157001157402777030
0.00143741847341499530
0.00132326512785170420
0.00122652630651046320
0.00114571733109130640
0.00107910917402996160
0.00102491483772613610
0.00098143580400967666
0.00094716497879232487
0.00092084800417328091
0.00090150847901286093
0.00088844498252296507
0.00088120906897244048
0.00087957360034425828
0.00088349985581267598
0.00089310988966088251
0.00090866792984293132
0.00093057174391284435
0.00095935241976773935
0.00099567934172308729
0.00104036641504801290
0.00109437557755914080
0.00115881382563355440
0.00123491977649452090
0.00132403478949716970
0.00142755198246541740
0.00154683493067822480
0.00168309794923033250
0.00183724347400327470
0.00200966057012136280
0.00220000199684898620
0.00240697331741956950
0.00262818166928628200
0.00286009793999561630
0.00309817865101423560
0.00333717026912288580
0.00357158145898104920
0.00379626606288941670
0.00400702325408943720
0.00420110325357801050
0.00437751456401600650
0.00453706135578326330
0.00468208882861848720
0.00481596658930720250
0.00494238247815807170
0.00506454472424161880
0.00518439941622231890
0.00530196899933319840
0.00541491163707919900
0.00551839107222613920
0.00560532532462135450
0.00566704050864115520
0.00569428878396455780
0.00567850521290612360
0.00561309969462209240
0.00549453738062090530
0.00532297867749454820
0.00510233387182069870
0.00483971832678567210
0.00454443312029393760
0.00422669925534418200
0.00389641067407446240
0.00356213679170534580
0.00323051891428279870
0.00290610070156044260
0.00259154305273267930
0.00228811658684977690
0.00199634119018526730
0.00171664178017302630
0.00144990156443649820
0.00119781440828578470
0.00096296931695064947
0.00074864649694431377
0.00055836364670148477
0.00039527087980056739
0.00026153434732559283
0.00015785554140628706
0.00008323957282730037
0.00003506041422503691
0.00000939501920628875
0.00000153555736343929
0.00000655767019439978
0.00001982809088744243
0.00003736972922842264
0.00005605083826593604
0.00007361053513397849
0.00008856402280676796
0.00010004318295309627
0.00010762430132426290
0.00011118072529898736
0.00011078078822675132
0.00010663515758948778
0.00009908535865139664
0.00008861735842431106
0.00007588072040069559
0.00006169468291133906
0.00004702713131212962
0.00003293997096615010
0.00002050340069921922
0.00001069008171226040
0.00000426620108429533
0.00000169849666451200
0.00000309400383432748
