0.00004403383359672075
0.00005031017721024358
0.00005480039105807122
0.00005717322607135636
0.00005726734369649698
0.00005509569385411503
0.00005083995167687757
0.00004483671894764545
0.00003755668268175822
0.00002957728581190696
0.00002154903904809618
0.00001415565362661745
0.00000806882039439362
0.00000389962744854718
0.00000215002751390287
0.00000316902336712998
0.00000711887405432879
0.00001395625912767641
0.00002343181107497891
0.00003510888568641596
0.00004839936053756945
0.00006261134735971480
0.00007700174615485160
0.00009082615025328258
0.00010337993524896675
0.00011402714333924892
0.00012221729459756643
0.00012749360134312865
0.00012949840909213270
0.00012798255622840785
0.00012282467492932762
0.00011406449690663148
0.00010195131194085950
0.00008700509714917629
0.00007008366201648063
0.00005244477458305577
0.00003578844640376292
0.00002226271493861354
0.00001441796305803627
0.00001510114131765284
0.00002729193355161732
0.00005389581931429647
0.00009752052520458470
0.00016026861349398495
0.00024357738067068703
0.00034812795532430609
0.00047383152560779863
0.00061988679320402302
0.00078489353135554035
0.00096700464085612472
0.00116410214540432460
0.00137398731256664220
0.00159457714012746130
0.00182409629138394830
0.00206124606632807810
0.00230532420039957720
0.00255626651036253320
0.00281458760994601370
0.00308121357953172790
0.00335722108415755080
0.00364351877100114370
0.00394052135881431050
0.00424787038314100320
0.00456424743515268430
0.00488730878290779490
0.00521374942542829170
0.00553948497134738610
0.00585992486698691790
0.00617030189466452000
0.00646602012779887420
0.00674298527019056430
0.00699788603722060340
0.00722840192487700030
0.00743332082798666030
0.00761255917849674740
0.00776708706902646310
0.00789877032807210880
0.00801014956077712900
0.00810418162272037030
0.00818397108781360530
0.00825251785439767150
0.00831250260538234950
0.00836612538443786030
0.00841500526237481600
0.00846014205550690150
0.00850193514082435430
0.00854025003449339700
0.00857452065345448710
0.00860387390733519110
0.00862726318720077880
0.00864359813195870150
0.00865185952281468700
0.00865119012443614500
0.00864095467041051110
0.00862076491924354190
0.00859046870130615940
0.00855010499063882550
0.00849983005176404260
0.00843982237542548020
0.00837017620079820970
0.00829079479972087520
0.00820129538946134770
0.00810093767568150980
0.00798858773049577860
0.00786272812175185100
0.00772152353638633390
0.00756294785142718870
0.00738497285585466320
0.00718581011561325850
0.00696418621131705570
0.00671961949656822710
0.00645265666562902170
0.00616502350233776640
0.00585964941833181250
0.00554054108233752430
0.00521250494483704600
0.00488074702809729480
0.00455040416996829990
0.00422607711057556000
0.00391143775984259790
0.00360896995703848330
0.00331987852610717000
0.00304417189907707890
0.00278089611693403940
0.00252847795496567330
0.00228512440002070220
0.00204922378293664840
0.00181969792689491030
0.00159626231071118420
0.00137956154638495340
0.00117116097662693310
0.00097339269127857291
0.00078907512564872144
0.00062114664895232779
0.00047227021175905208
0.00034447298748916164
0.00023887882330952454
0.00015557270388675973
0.00009360971549411160
0.00005115307059715752
0.00002570364268487658
0.00001437202366989321
0.00001414471452991813
0.00002210662687310826
0.00003559831537001406
0.00005230343834254030
0.00007027591576103017
0.00008792485937990871
0.00010397807426855256
0.00011744260179269088
0.00012757500115553831
0.00013386675050315770
0.00013604312055570910
0.00013406863126714654
0.00012814969688720629
0.00011872555387459028
0.00010644158325381573
0.00009210363836800922
0.00007661664854391212
0.00006091436851627632
0.00004588888956562225
0.00003232822270969322
0.00002086827065482120
0.00001196255516807598
0.00000586999311476991
0.00000265851159495014
0.00000222076857819991
0.00000429778943230832
0.00000850677052641694
0.00001437031313975748
0.00002134556501809636
0.00002885283638801258
0.00003630398907743443
0.00004313115188913401
0.00004881608364548239
0.00005291987432193873
0.00005511180560589599
0.00005519529428048450
0.00005312814128414164
0.00004903401356480326
0.00004320234507221030
0.00003607471451848233
0.00002821717993544857
0.00002027983885868477
0.00001294674949916088
0.00000688094598585158
0.00000267027150821314
0.00000077988099400148
0.00000151642154221156
0.00000500716547364036
0.00001119502594050671
0.00001984787265131567
0.00003057842609300308
0.00004286977836889668
0.00005610167364427183
0.00006957422679082304
0.00008252853988375480
0.00009416704813806173
0.00010367938610805096
0.00011028095230767394
0.00011327019049174489
0.00011210651124994596
0.00010650427986239541
0.00009653093650544155
0.00008269136658715840
0.00006597846078529245
0.00004787298671442200
0.00003028451214014403
0.00001543743455965302
0.00000571899487841235
0.00000351581760545983
0.00001106912099845152
0.00003037512811324136
0.00006314730726548700
0.00011084338963016141
0.00017474573832885045
0.00025607123833046048
0.00035607820135736390
0.00047613390558687036
0.00061770827121725960
0.00078226797055863195
0.00097106190601076083
0.00118481292924410300
0.00142335860282906790
0.00168530917837505920
0.00196780524943141560
0.00226645309528050170
0.00257548933140269890
0.00288818178023964770
0.00319742100975375440
0.00349641123588903840
0.00377934373930645340
0.00404193818849561420
0.00428176617666345580
0.00449831763338336830
0.00469282086138562550
0.00486786769381200060
0.00502691853753576850
0.00517376655068055390
0.00531203035321319100
0.00544472763265338620
0.00557396416407549690
0.00570075748641499930
0.00582500184949873070
0.00594556927421706180
0.00606052904741428630
0.00616745484271565610
0.00626377711324054700
0.00634713174926428670
0.00641565705513926980
0.00646820079006416890
0.00650441574752200130
0.00652474245305966360
0.00653029648877656140
0.00652269168774792080
0.00650383660194713870
0.00647573994475603240
0.00644035271395108560
0.00639946312219496790
0.00635464826218499860
0.00630727607390755160
0.00625854417730000580
0.00620953895896810510
0.00616129856787944830
0.00611486625601819800
0.00607132467656377580
0.00603180628767553770
0.00599747911919834910
0.00596951037260472130
0.00594901247146519590
0.00593697732847898490
0.00593420496713029790
0.00594123251871279960
0.00595826928013260330
0.00598514315172521140
0.00602126343419830730
0.00606560456239907830
0.00611671468626375380
0.00617275182439439020
0.00623154841854924210
0.00629070248340553390
0.00634769040590156540
0.00639999330411281530
0.00644522639758934170
0.00648125976709195820
0.00650631965493835700
0.00651906208309164030
0.00651861448455820590
0.00650458521671297160
0.00647704404046018250
0.00643647796895080540
0.00638372608898534620
0.00631989475373455780
0.00624625245521758140
0.00616410348979820700
0.00607464248373525920
0.00597879794407809880
0.00587708066497934740
0.00576945924620282480
0.00565528712897288720
0.00553330144717397060
0.00540170376385180110
0.00525831891301894830
0.00510081476270796660
0.00492695677796308340
0.00473486901125112160
0.00452327696335807180
0.00429171447449257050
0.00404068233016376640
0.00377174781726819860
0.00348757228872482920
0.00319185135086440040
0.00288915459937019120
0.00258466264871626750
0.00228381839229893590
0.00199193204127756390
0.00171379723527043900
0.00145338023709404860
0.00121363175735147120
0.00099644354481300446
0.00080273779622439705
0.00063264785374963649
0.00048573312003854130
0.00036117373004293464
0.00025790852299673169
0.00017470523279273839
0.00011017494896868763
0.00006275657511981808
0.00003069886864795617
0.00001206022190345607
0.00000473499989924277
0.00000650526922745066
0.00001511110844247988
0.00002833139116951742
0.00004406796050637456
0.00006042714271877193
0.00007579240938196489
0.00008888114150256483
0.00009877835160726047
0.00010494222272412448
0.00010718065753265888
0.00010560355021369385
0.00010056020634365580
0.00009257339083342440
0.00008228006328552425
0.00007038455021069461
0.00005762440361661331
0.00004474456350763320
0.00003247325497468125
0.00002149384621814429
0.00001241008242713303
0.00000570632512781725
0.00000170810624601930
0.00000055025408446237
0.00000215957065805620
0.00000625678792937186
0.00001237909728666143
0.00001992093642708414
0.00002818782443041852
0.00003645642374470240
