0.00008238005548634931
0.00008150134368716134
0.00007741952999359930
0.00007043992773284882
0.00006110582368592259
0.00005015569977159894
0.00003846426263204475
0.00002697268668414133
0.00001661444401360921
0.00000824350406288978
0.00000257144377374430
0.00000011905303935993
0.00000118636377463905
0.00000584280104497258
0.00001393661355456424
0.00002512027019103853
0.00003888655507180612
0.00005460907484750357
0.00007158109412053212
0.00008904809188877292
0.00010623194984015504
0.00012234772697262047
0.00013661683117533526
0.00014828230702591198
0.00015663230454941038
0.00016103629057724419
0.00016099538339911526
0.00015620397853901649
0.00014661559659399865
0.00013250275910776615
0.00011449964715113107
0.00009361782040869539
0.00007122923245443739
0.00004901638581347366
0.00002889548319736428
0.00001292346663175173
0.00000320273460084544
0.00000179743348279814
0.00001067250221545123
0.00003166164460088931
0.00006646403774083446
0.00011666296698038653
0.00018375384428425282
0.00026916529686806618
0.00037425616219746802
0.00050027400461291778
0.00064826741514105652
0.00081895434416796517
0.00101256054639198750
0.00122865345837667310
0.00146600454207172710
0.00172251463349955710
0.00199523061768555050
0.00228046816075030790
0.00257403668006766450
0.00287154321870553790
0.00316873594099597150
0.00346183936007082950
0.00374783408836781590
0.00402464347059208580
0.00429120540580293050
0.00454742621590802780
0.00479403066323513900
0.00503233513564128010
0.00526397805598796680
0.00549064271470494930
0.00571380408678877180
0.00593452442706722890
0.00615331416009110700
0.00637006604223566350
0.00658406257128691610
0.00679404961307691640
0.00699836350654988500
0.00719509476809720470
0.00738226920458271310
0.00755802694393261590
0.00772078159934290380
0.00786934523848245230
0.00800300952169450370
0.00812157862644839750
0.00822535468151879350
0.00831508079257566040
0.00839184995547151770
0.00845699007193144970
0.00851193597236860920
0.00855809903565357510
0.00859674397400686170
0.00862888092079282940
0.00865517936352879800
0.00867590886378017370
0.00869090996881803110
0.00869959723491050240
0.00870099477754953870
0.00869380314034557370
0.00867649444328764430
0.00864743069947299450
0.00860499794281017160
0.00854774658298264500
0.00847452652774231120
0.00838460451469279050
0.00827775122076853870
0.00815428741206754120
0.00801508177262510830
0.00786149788813876070
0.00769529357694433930
0.00751848148432888910
0.00733316460642928400
0.00714136334209355350
0.00694485131789229600
0.00674501564901951270
0.00654275404904538370
0.00633841715476748950
0.00613180044660961710
0.00592218674063806940
0.00570843740184956430
0.00548912770746263180
0.00526271853683243740
0.00502775242551506410
0.00478305730794761650
0.00452793709139740710
0.00426232619103204990
0.00398688688327534980
0.00370303458068144740
0.00341288633927349550
0.00311914009970709270
0.00282490341478861200
0.00253349777781862200
0.00224826618002908720
0.00197240694251020300
0.00170884776767981800
0.00146016319680617270
0.00122852938015810720
0.00101570461720745600
0.00082302336106889851
0.00065139454850436619
0.00050130032499592046
0.00037279628327094565
0.00026551752396629629
0.00017869547444951110
0.00011118879693131829
0.00006152890095152344
0.00002797773968463331
0.00000859361953913741
0.00000130007262452043
0.00000395331419824358
0.00001440500459340618
0.00003055845756596290
0.00005041768943260613
0.00007212956699055683
0.00009401972752585202
0.00011462295472615938
0.00013270839586291267
0.00014729952052538404
0.00015768818997442200
0.00016344177820248749
0.00016440209661283664
0.00016067501226966542
0.00015261012674715977
0.00014077062469602144
0.00012589426674820958
0.00010884732136626358
0.00009057385556722162
0.00007204314278999375
0.00005419797780137870
0.00003790645900891066
0.00002391939482717904
0.00001283501130587659
0.00000507216710045045
0.00000085287259605717
0.00000019458089771758
0.00000291245689235549
0.00000863160284616909
0.00001680898137745263
0.00002676448652897536
0.00003772023877739128
0.00004884670587484628
0.00005931368828794672
0.00006834359413116990
0.00007526383268572109
0.00007955467453887761
0.00008088867616935564
0.00007915786718323513
0.00007448544983729910
0.00006721981634289859
0.00005791022806211740
0.00004726540430772576
0.00003609831694161563
0.00002526237376806336
0.00001558554747999983
0.00000780953691937633
0.00000254050324422977
0.00000021625221645074
0.00000109211251209309
0.00000524460403737156
0.00001258890177737277
0.00002290375809517020
0.00003585655222477221
0.00005102185658816811
0.00006788935051777426
0.00008586066480679147
0.00010423903014703988
0.00012221942960785958
0.00013888930742241620
0.00015324997047955289
0.00016426626291128903
0.00017094707322884404
0.00017245249587334086
0.00016821625369780474
0.00015806583990247955
0.00014231933734164408
0.00012183830182588278
0.00009802108736447926
0.00007273023454159820
0.00004815964187157206
0.00002665982316921684
0.00001054969729064439
0.00000194827491499840
0.00000265746363165543
0.00001411779471429835
0.00003744387117832342
0.00007352904783573058
0.00012319335935405445
0.00018733872823175745
0.00026707329829779428
0.00036377259803261090
0.00047905741073384138
0.00061468369260144753
0.00077235533475763748
0.00095348336026994710
0.00115892377900700440
0.00138873038554238530
0.00164195852042797630
0.00191655158927716790
0.00220933416169017240
0.00251612393831365450
0.00283196035874729980
0.00315143153504699420
0.00346906590036345950
0.00377974341713024950
0.00407907615707735990
0.00436371119469517590
0.00463151990827792140
0.00488165490480868200
0.00511447540266490000
0.00533136007332354540
0.00553443970565351170
0.00572628866863644870
0.00590961380056991870
0.00608697336071645220
0.00626054928149091540
0.00643198557377212650
0.00660229633249423840
0.00677183953004603830
0.00694034800022307400
0.00710700640695354890
0.00727056195361438970
0.00742945650578184790
0.00758196824022069200
0.00772635170221833490
0.00786096624616976910
0.00798438432702647770
0.00809547305622487430
0.00819344479765443840
0.00827787521210775370
0.00834868983660760380
0.00840612275278927730
0.00845065292674035750
0.00848292523022064520
0.00850366390796913550
0.00851358635312272040
0.00851332457512762870
0.00850336081109646060
0.00848398246566254950
0.00845526006708249670
0.00841705026340259720
0.00836902408221167070
0.00831071875426965360
0.00824160938114926710
0.00816119468182416670
0.00806908912689001740
0.00796511218597405200
0.00784936445941378580
0.00772228043865064680
0.00758464878377151240
0.00743759343110864550
0.00728251246470324430
0.00712097620116175590
0.00695459085680747750
0.00678483888674065100
0.00661291100420530100
0.00643954751031000550
0.00626490757298734260
0.00608848436322068260
0.00590908149538082760
0.00572486208914387530
0.00553347602676466930
0.00533226368244727690
0.00511852573613257900
0.00488983915713758940
0.00464439006420296240
0.00438128651384278940
0.00410081030790932810
0.00380456856554427930
0.00349551431462824310
0.00317782064815427900
0.00285661328718011740
0.00253758830793012180
0.00222656096911128450
0.00192900376303388420
0.00164963405734946640
0.00139210325403308690
0.00115882203124784380
0.00095093374236858332
0.00076842515488893652
0.00061034477248421307
0.00047508689345954799
0.00036069528269716821
0.00026514312109699595
0.00018655399274251046
0.00012334013736757274
0.00007424744876734388
0.00003831056902946812
0.00001473483397871395
0.00000273336791847835
0.00000135544889909431
0.00000934438776291710
0.00002505820967093144
0.00004647443152526936
0.00007128309894803663
0.00009705356711122501
0.00012144467094924443
0.00014241884814695954
0.00015842067553054108
0.00016848898493320203
0.00017228674743042103
0.00017005025026733736
0.00016247444727817860
0.00015056137420690657
0.00013546155069608294
0.00011833464094651740
0.00010024717483774747
0.00008211451981712821
0.00006468422216537904
0.00004855034205421972
0.00003418454993539164
0.00002196960003510167
0.00001222364663962955
0.00000520857662312773
0.00000112084163523746
0.00000006807384394853
0.00000203825050087590
0.00000686989480293283
0.00001423169049056249
0.00002361818722459569
0.00003436545425348369
0.00004568719573589484
0.00005672857768247932
0.00006663234792326799
0.00007461010489782630
0.00008001093580953630
