0.00010481928960270694
0.00009534396224718003
0.00008303732359482911
0.00006881279738970103
0.00005371603259554727
0.00003884303773859006
0.00002525867122033657
0.00001392294905398938
0.00000563132299082190
0.00000097310213812720
0.00000030976879548380
0.00000377238141694145
0.00001127492446331583
0.00002253872402818212
0.00003712221168952017
0.00005445057400264374
0.00007384117251144972
0.00009452284156366514
0.00011564984307664240
0.00013631380687015353
0.00015555880146404159
0.00017240524811962691
0.00018588742304387980
0.00019510682597754074
0.00019930012024891626
0.00019791636762952865
0.00019069476561797019
0.00017773191224470421
0.00015952743280609879
0.00013699888325751416
0.00011146099792672265
0.00008456990258706170
0.00005823883402670210
0.00003453700073554724
0.00001558638391874458
0.00000347174682825688
0.00000017664353138015
0.00000755313815740155
0.00002732614633244927
0.00006112605084036611
0.00011053691286736915
0.00017714345044793744
0.00026255886682830654
0.00036841793300146944
0.00049632521927905210
0.00064775623402447730
0.00082391822885259538
0.00102558607305203550
0.00125293534884802920
0.00150539834012198120
0.00178156799689034370
0.00207917003270169940
0.00239511461098191030
0.00272562792204290170
0.00306645224011563690
0.00341309289352728600
0.00376108386548712870
0.00410624168953932590
0.00444488017762977810
0.00477396556746748250
0.00509120132848353210
0.00539504213745073920
0.00568464551831357810
0.00595977593937739320
0.00622067914549415210
0.00646794433573769440
0.00670236924671640220
0.00692483933146588550
0.00713622806717036100
0.00733732174376203890
0.00752876926528174820
0.00771105557603219470
0.00788449611835647000
0.00804924897716710260
0.00820534085291200680
0.00835270262202028950
0.00849120999201284640
0.00862072470234894780
0.00874113193583656890
0.00885237012829523730
0.00895445018134154860
0.00904746213142439140
0.00913156851677973840
0.00920698491806593720
0.00927394934580590140
0.00933268324340066380
0.00938334781515733940
0.00942600012243875050
0.00946055385718533310
0.00948674982825990260
0.00950414090325600240
0.00951209536522040940
0.00950982132761229660
0.00949641301233976680
0.00947091742085005500
0.00943241739255636090
0.00938012451340836280
0.00931347314520116630
0.00923220535742361180
0.00913643609193665230
0.00902668871146909520
0.00890389324865878230
0.00876934305382942070
0.00862460980364045640
0.00847142148547557100
0.00831151244257220810
0.00814645830598301720
0.00797751122351144860
0.00780545196912414780
0.00763047520086408000
0.00745212237860985120
0.00726927375453533410
0.00708020650282893770
0.00688272054850700730
0.00667432714013648990
0.00645248802916187010
0.00621488592046657260
0.00595970064802629680
0.00568586156158365670
0.00539324613402679570
0.00508279868719049840
0.00475655151250456610
0.00441754268033482230
0.00406963867834718350
0.00371728324217166990
0.00336520379482768390
0.00301811178916384450
0.00268043201168155760
0.00235608893764756950
0.00204836712308554760
0.00175984976667860100
0.00149242754291735860
0.00124736074024972790
0.00102537291635371980
0.00082675396137332855
0.00065145397234475330
0.00049915540119708926
0.00036931801541806666
0.00026119787761095549
0.00017384672329534911
0.00010610116972187176
0.00005657196406063524
0.00002364222192461313
0.00000548085801949409
0.00000007388009486622
0.00000527265031987105
0.00001885526581322544
0.00003859532364151153
0.00006233170272880647
0.00008803353180294522
0.00011385591341077890
0.00013818380698362484
0.00015966329258532497
0.00017722088196148235
0.00019007240815434079
0.00019772327444405403
0.00019996159047216977
0.00019684517447425833
0.00018868279062313336
0.00017600952445543110
0.00015955601128967762
0.00014021136820454485
0.00011898010173871941
0.00009693387132293656
0.00007515965198757029
0.00005470642987733459
0.00003653297915481139
0.00002145945137219915
0.00001012544800931260
0.00000295697278952777
0.00000014422580809105
0.00000163166556098046
0.00000712117689968980
0.00001608857253405613
0.00002781303166011551
0.00004141843530439912
0.00005592488439118612
0.00007030798427371944
0.00008356277262127379
0.00009476851128692030
0.00010315004389592363
0.00010813114958402930
0.00010937541607375111
0.00010681071063511643
0.00010063439806515424
0.00009129802098981303
0.00007947210916443207
0.00006599391581251456
0.00005180290556946402
0.00003787041221011710
0.00002513072854063198
0.00001442074622343671
0.00000643403149374530
0.00000169299390320333
0.00000053987506385172
0.00000314413010833781
0.00000952098736105035
0.00001955415146381252
0.00003301524412964072
0.00004957389514345548
0.00006879530893233232
0.00009012617202881204
0.00011287413704082646
0.00013618981857588293
0.00015906226077642372
0.00018033841470502324
0.00019877399022001237
0.00021311743321404669
0.00022222168054410283
0.00022517122146258167
0.00022140651455283505
0.00021082545470885359
0.00019384325155516355
0.00017139779302288464
0.00014489640028159242
0.00011611013020851336
0.00008703135577008440
0.00005971726473193663
0.00003614474050137059
0.00001810026487835414
0.00000712237275595572
0.00000450491693655581
0.00001135855625292502
0.00002871719897659333
0.00005766725192047585
0.00009947182646209792
0.00015566057398447118
0.00022805916122151015
0.00031874055997850337
0.00042989256664899457
0.00056361067096807101
0.00072164015948745456
0.00090510332227638633
0.00111425413290894060
0.00134830194134953510
0.00160533714668703110
0.00188237679489994220
0.00217552937603519540
0.00248025944882326750
0.00279171775054055290
0.00310509389795826870
0.00341594786856567760
0.00372048268672705520
0.00401573222585124150
0.00429965206859624340
0.00457111515989945620
0.00482982530871986850
0.00507616912886398740
0.00531103042623510580
0.00553559080636433720
0.00575113733401594500
0.00595889350779735430
0.00615988458591839980
0.00635484314019343650
0.00654415608864598700
0.00672785061898624380
0.00690561348840055410
0.00707683621785424810
0.00724067769403212260
0.00739613560705802960
0.00754211888906756310
0.00767751471536825060
0.00780124546633535230
0.00791231306907599390
0.00800983008621965540
0.00809303857199575320
0.00816131891329754250
0.00821419153570156730
0.00825131448281338910
0.00827247954303030570
0.00827760892090676110
0.00826675357461635270
0.00824009340997310450
0.00819793865897842400
0.00814073106966352840
0.00806904305273579110
0.00798357269824185970
0.00788513260103834710
0.00777463071662765500
0.00765304200598308780
0.00752137041492515620
0.00738060175683415140
0.00723164928972940860
0.00707529512223818110
0.00691213191736237720
0.00674251050566710470
0.00656649975405230230
0.00638386514888695120
0.00619407188107740270
0.00599631670448389200
0.00578959055078503460
0.00557277103346768240
0.00534474087580550940
0.00510452530926763270
0.00485143893451534060
0.00458523065022977200
0.00430621415667105200
0.00401537126970383670
0.00371441586167607290
0.00340580776328589400
0.00309270859588631770
0.00277887548701706480
0.00246849409709093150
0.00216595921285304670
0.00187561873970557170
0.00160150411140050350
0.00134707537836752170
0.00111501090046579880
0.00090706842597277151
0.00072403605512414272
0.00056577905393021509
0.00043137380776525565
0.00031930630865839598
0.00022770248719511672
0.00015455374374376038
0.00009790412687633885
0.00005597499006238157
0.00002721639344544629
0.00001028892559169672
0.00000399193146748263
0.00000716207618809462
0.00001856874798917570
0.00003683031906809846
0.00006036902342737844
0.00008741389634779038
0.00011605249516133596
0.00014432424240926306
0.00017034200807912494
0.00019242445578796825
0.00020922002724699433
0.00021980443909099990
0.00022373725301889260
0.00022106915187020153
0.00021229922504102533
0.00019828956745413361
0.00018015127913354761
0.00015912006266095274
0.00013644011134241946
0.00011327174376751681
0.00009063205776837248
0.00006937025152875495
0.00005017200752310753
0.00003358209809849508
0.00002003220022525215
0.00000986203105730418
0.00000332575563879870
0.00000058100721822878
0.00000166339556519005
0.00000645378191301378
0.00001464799994289532
0.00002573877627997647
0.00003901756231475670
0.00005360044770358258
0.00006847811054691200
0.00008258570495635693
0.00009488537649972923
0.00010445216501994566
0.00011055356304555215
0.00011271386198224736
0.00011075637311591847
