0.00000037246047554043
0.00000036806048245107
0.00000035509170293407
0.00000033422190027070
0.00000030651879885822
0.00000027338499698970
0.00000023647288235255
0.00000019758516488813
0.00000015856760717647
0.00000012120105652466
0.00000008709991610031
0.00000005762371708583
0.00000003380748912617
0.00000001631523119321
0.00000000541905732166
0.00000000100466346029
0.00000000260178939589
0.00000000943650062590
0.00000002050055076928
0.00000003463194409789
0.00000005060019949280
0.00000006718976991472
0.00000008327558628532
0.00000009788570579759
0.00000011024743746521
0.00000011981494231603
0.00000012627799465765
0.00000012955317859603
0.00000012976013453616
0.00000012718645232101
0.00000012224536402267
0.00000011543050214071
0.00000010727168790569
0.00000009829507127073
0.00000008899006263617
0.00000007978449881171
0.00000007102849829192
0.00000006298659770408
0.00000005583710974204
0.00000004967725234021
0.00000004453247418610
0.00000004036850419549
0.00000003710490843853
0.00000003462925376819
0.00000003281126003996
0.00000003151650025665
0.00000003061924550467
0.00000003001395989431
0.00000002962478333328
0.00000002941217958791
0.00000002937586439341
0.00000002955323774928
0.00000003001286301566
0.00000003084305014743
0.00000003213624789393
0.00000003397062740472
0.00000003639082640936
0.00000003939020479689
0.00000004289705519055
0.00000004676697918803
0.00000005078309788784
0.00000005466497953130
0.00000005808623816600
0.00000006069980217393
0.00000006216898410377
0.00000006220179778943
0.00000006058552962000
0.00000005721840897521
0.00000005213533811409
0.00000004552500944212
0.00000003773631676225
0.00000002927270650553
0.00000002077396131390
0.00000001298580782022
0.00000000671864015564
0.00000000279749877157
0.00000000200618973019
0.00000000502902353231
0.00000001239404933308
0.00000002442182146938
0.00000004118363295877
0.00000006247277249407
0.00000008779171345702
0.00000011635725219702
0.00000014712452555337
0.00000017882962029806
0.00000021004922037657
0.00000023927451079929
0.00000026499546077602
0.00000028579072833374
0.00000030041783616163
0.00000030789801609123
0.00000030759023520326
0.00000029924940040877
0.00000028306456292373
0.00000025967405584572
0.00000023015582191502
0.00000019599263403476
0.00000015901338013603
0.00000012131297915351
0.00000008515472780632
0.00000005285987621367
0.00000002668994313907
0.00000000872768210443
0.00000000076269531412
0.00000000418748249961
0.00000001990924226175
0.00000004828205998991
0.00000008906326728514
0.00000014139678706783
0.00000020382522088983
0.00000027433131325268
0.00000035040825389220
0.00000042915705840249
0.00000050740800639198
0.00000058186183065411
0.00000064924507574580
0.00000070647284119614
0.00000075081108350346
0.00000078002988776505
0.00000079253876473347
0.00000078749521021888
0.00000076487858383847
0.00000072552287652041
0.00000067110412328320
0.00000060408097701798
0.00000052759010050128
0.00000044530129294848
0.00000036124033132070
0.00000027959005310597
0.00000020448194953358
0.00000013979126807877
0.00000008894824561870
0.00000005477664480160
0.00000003936841133074
0.00000004400028084916
0.00000006909488014057
0.00000011422564556013
0.00000017816204635326
0.00000025894940025772
0.00000035401614729618
0.00000046030083375344
0.00000057439117414747
0.00000069266824398628
0.00000081144990093539
0.00000092712871602562
0.00000103630082214732
0.00000113588300648078
0.00000122321600441181
0.00000129615228222872
0.00000135312667488671
0.00000139320817172908
0.00000141613104306961
0.00000142230350438856
0.00000141279233565466
0.00000138928238828338
0.00000135401075037651
0.00000130967647710576
0.00000125932815061467
0.00000120623299360966
0.00000115373267711845
0.00000110509218229903
0.00000106334895769348
0.00000103117004645603
0.00000101072477647888
0.00000100357999510836
0.00000101062372631387
0.00000103202161456460
0.00000106720871363882
0.00000111491721761940
0.00000117323875778381
0.00000123971803623049
0.00000131147294795340
0.00000138533504329546
0.00000145800325730071
0.00000152620330641171
0.00000158684502454893
0.00000163717015674584
0.00000167488371058085
0.00000169826283525006
0.00000170623830195894
0.00000169844494273234
0.00000167523881397103
0.00000163768033408314
0.00000158748415085847
0.00000152693797428503
0.00000145879401429018
0.00000138613793931836
0.00000131224136819210
0.00000124040477109994
0.00000117379823386276
0.00000111530778556910
0.00000106739486530326
0.00000103197598600202
0.00000101032874023130
0.00000100302900762985
0.00000100992262018830
0.00000103013290294353
0.00000106210354498860
0.00000110367430032648
0.00000115218521114353
0.00000120460352463309
0.00000125766635651597
0.00000130803152428052
0.00000135242887029244
0.00000138780480724173
0.00000141145368238202
0.00000142113076461706
0.00000141514307031125
0.00000139241570686461
0.00000135253278119566
0.00000129575307264699
0.00000122300152724336
0.00000113583816482703
0.00000103640622848801
0.00000092736142187579
0.00000081178398587457
0.00000069307529145902
0.00000057484069639053
0.00000046076072934420
0.00000035445327847002
0.00000025933036220772
0.00000017845416892941
0.00000011439822358177
0.00000006912057861367
0.00000004385661378481
0.00000003903915582287
0.00000005425303262708
0.00000008822977755691
0.00000013888602273329
0.00000020340630619661
0.00000027836781106308
0.00000035990127715602
0.00000044387933276867
0.00000052612112582028
0.00000060260066363408
0.00000066964586746772
0.00000072411605188012
0.00000076354725895300
0.00000078625740848479
0.00000079140628264305
0.00000077900862543582
0.00000074990178991533
0.00000070567214227914
0.00000064854663918125
0.00000058125752681827
0.00000050688894727741
0.00000042871443053079
0.00000035003390104483
0.00000027401806412155
0.00000020356699018437
0.00000014118850244083
0.00000008890068676288
0.00000004816154542198
0.00000001982754529870
0.00000000414158360528
0.00000000074971678887
0.00000000874487653749
0.00000002673474215451
0.00000005292997300948
0.00000008524816194006
0.00000012142819334582
0.00000015914922563306
0.00000019614831166437
0.00000023033075836492
0.00000025986772678722
0.00000028327628453809
0.00000029947811723976
0.00000030783433426331
0.00000030815519465053
0.00000030068504413073
0.00000028606419660407
0.00000026527081565868
0.00000023954696331949
0.00000021031380914414
0.00000017908147929588
0.00000014735914444267
0.00000011657069716315
0.00000008798078124012
0.00000006263505857827
0.00000004131750597091
0.00000002452630832599
0.00000001246864799563
0.00000000507347074925
0.00000000202021836260
0.00000000278062205993
0.00000000666999795230
0.00000001290410240138
0.00000002065749862710
0.00000002911954401472
0.00000003754450338210
0.00000004529288867660
0.00000005186187469694
0.00000005690349395052
0.00000006023022007975
0.00000006180845558434
0.00000006174129181202
0.00000006024265241051
0.00000005760551108299
0.00000005416723986966
0.00000005027525418884
0.00000004625595158005
0.00000004238949368918
0.00000003889228804614
0.00000003590815354929
0.00000003350819672365
0.00000003169849902245
0.00000003043393531815
0.00000002963590971829
0.00000002921157059312
0.00000002907216686546
0.00000002914859371864
0.00000002940276310195
0.00000002983410845934
0.00000003048117379723
0.00000003141874344867
0.00000003275127913231
0.00000003460353411183
0.00000003710914878911
0.00000004039787282867
0.00000004458189624018
0.00000004974168738607
0.00000005591178152567
0.00000006306714830985
0.00000007111105444903
0.00000007986565559197
0.00000008906680595502
0.00000009836467233433
0.00000010733160784617
0.00000011547834257016
0.00000012227888948605
0.00000012720369528490
0.00000012975957526108
0.00000012953397423982
0.00000012624021754850
0.00000011975977934175
0.00000011017730280047
0.00000009780422823183
0.00000008318744920873
0.00000006710040412754
0.00000005051535290956
0.00000003455717410463
0.00000002044070062798
0.00000000939522796425
0.00000000258121097213
0.00000000100516630874
0.00000000543930406770
0.00000001635236020860
0.00000003385748254935
0.00000005768188594690
0.00000008716143562529
0.00000012126147866200
0.00000015862328235643
0.00000019763352011028
0.00000023651252544136
0.00000027341564366313
0.00000030654104596480
0.00000033423689110920
0.00000035510074562934
0.00000036806468776143
0.00000037246047554043
