0.00005728891679783514
0.00005987429313128112
0.00006053823759911579
0.00005928068264058994
0.00005625458727142230
0.00005175299758562557
0.00004618660941633617
0.00004005359364764829
0.00003390394428050994
0.00002830093549991042
0.00002378240416208589
0.00002082450159790531
0.00001981029383390281
0.00002100515945594153
0.00002454038105282748
0.00003040570154279677
0.00003845097769737341
0.00004839646557696733
0.00005985076479106522
0.00007233506640322224
0.00008531211275868204
0.00009821818876912770
0.00011049650857008197
0.00012163051009166948
0.00013117578425558040
0.00013878960225067265
0.00014425722247856323
0.00014751432499044879
0.00014866501549379009
0.00014799486053241242
0.00014597837679192148
0.00014328033575916290
0.00014075020969269098
0.00013940913229379921
0.00014042892982886156
0.00014510313148295974
0.00015481039876649104
0.00017097149324759830
0.00019500166075588543
0.00022826104571105877
0.00027200633871218963
0.00032734718197755864
0.00039521081280355678
0.00047631796279429202
0.00057117215850905538
0.00068006336025842515
0.00080308545967832192
0.00094016570139589793
0.00109110278065208730
0.00125560936442895440
0.00143335421840270890
0.00162399907229400620
0.00182722583742215830
0.00204275075831253680
0.00227032343895613780
0.00250971029758593690
0.00276066370916912140
0.00302287971819992620
0.00329594857548941860
0.00357930332071158340
0.00387217208234185870
0.00417353963374381650
0.00448212302597545890
0.00479636487897063930
0.00511444628114775080
0.00543431940131892080
0.00575375806209216160
0.00607042286722281590
0.00638193619500765020
0.00668596159219303310
0.00698028188694674230
0.00726287067256078860
0.00753195261853251920
0.00778604921708261120
0.00802400791908087360
0.00824501399823909970
0.00844858576729503280
0.00863455484685879750
0.00880303398749551940
0.00895437543922346890
0.00908912305618607250
0.00920796125194767860
0.00931166363544039780
0.00940104372150230540
0.00947690958755423650
0.00954002379957212540
0.00959106940822367950
0.00963062236113516180
0.00965913031880655250
0.00967689761601630250
0.00968407598131842610
0.00968066060607684910
0.00966649122221311000
0.00964125797619587620
0.00960451204088071800
0.00955568104823092090
0.00949408951660641110
0.00941898445260620600
0.00932956620466610620
0.00922502442193814250
0.00910457863164764770
0.00896752251302082930
0.00881327045509019790
0.00864140449263758360
0.00845171928172395140
0.00824426246803053150
0.00801936767549321290
0.00777767744271634300
0.00752015378232884740
0.00724807463027866800
0.00696301525829616610
0.00666681468994601790
0.00636152821690604690
0.00604936817373567110
0.00573263610813476350
0.00541365029292820760
0.00509467308606624020
0.00477784288771000880
0.00446511531728174210
0.00415821770893240550
0.00385862010178306820
0.00356752461993047140
0.00328587357923456300
0.00301437495207109490
0.00275354213656055700
0.00250374350725829230
0.00226525616437961390
0.00203831781275508670
0.00182317089314466630
0.00162009397468726640
0.00142941691762962700
0.00125151825658026640
0.00108680539226305920
0.00093568023575024738
0.00079849465446026394
0.00067550120656928502
0.00056680508738521959
0.00047232291757794159
0.00039175305130452996
0.00032456063054653859
0.00026997887599171437
0.00022702632238599671
0.00019453810236900456
0.00017120813937356068
0.00015563834511064803
0.00014639067386308210
0.00014203813377582439
0.00014121150080652928
0.00014263938557074264
0.00014518030759616847
0.00014784638048566468
0.00014981897784990280
0.00015045725165943670
0.00014930058469397853
0.00014606600427476254
0.00014064133742988226
0.00013307454781320447
0.00012355936882011871
0.00011241712862749596
0.00010007461453489581
0.00008703796954740215
0.00007386293587815005
0.00006112220485121692
0.00004937112368221961
0.00003911346077549405
0.00003076926203415133
0.00002464697868432396
0.00002092197596691186
0.00001962323527161286
0.00002062956221719994
0.00002367595622387108
0.00002837004648244793
0.00003421772645361989
0.00004065639561846195
0.00004709360718936195
0.00005294847477780771
0.00005769294372636140
0.00006088999978876226
0.00006222606709582005
0.00006153522110435840
0.00005881338009404402
0.00005422130143605602
0.00004807595178689079
0.00004083059708700484
0.00003304472282124535
0.00002534560360293040
0.00001838395291012476
0.00001278656122885010
0.00000910914026293820
0.00000779270341916045
0.00000912670647447358
0.00001322183513128765
0.00001999475994163351
0.00002916640380500092
0.00004027432430929417
0.00005269876661364526
0.00006570087695325007
0.00007847058122632483
0.00009018083084920914
0.00010004439349892816
0.00010736919032558634
0.00011160838773169722
0.00011240202890237832
0.00010960787716723600
0.00010332023541147152
0.00009387666735611650
0.00008185362915789592
0.00006805288383403042
0.00005348110653067692
0.00003932523190165518
0.00002692583814286825
0.00001775025555420431
0.00001336623242730084
0.00001541602792212031
0.00002558989209991255
0.00004559720033063963
0.00007713317577669911
0.00012183926166025164
0.00018125583719682834
0.00025676707643368325
0.00034953921641968030
0.00046045514254327896
0.00059004976817785676
0.00073845190951328727
0.00090533897704239946
0.00108991062899780650
0.00129088647338193060
0.00150653101565947070
0.00173470652359184600
0.00197295163565179830
0.00221858076549733520
0.00246879705107524730
0.00272081010016626040
0.00297194930960820300
0.00321976413885970840
0.00346210429024365650
0.00369717503783003120
0.00392356561348406430
0.00414025123339918820
0.00434657169733629070
0.00454219126557330650
0.00472704557706264340
0.00490128169485799100
0.00506519703013462610
0.00521918205277694100
0.00536367052762225240
0.00549909970523897350
0.00562588160463283180
0.00574438537366493000
0.00585492977893045060
0.00595778419795301140
0.00605317606813537190
0.00614130257145645630
0.00622234436959634000
0.00629647941140984170
0.00636389517043207350
0.00642479809057522250
0.00647941948044458010
0.00652801756014798930
0.00657087579231093250
0.00660829799003012550
0.00664060096485638920
0.00666810564262344200
0.00669112762890205010
0.00670996815390682930
0.00672490618290519020
0.00673619226432739350
0.00674404443098216510
0.00674864619982299980
0.00675014646208145320
0.00674866084463660730
0.00674427397593620190
0.00673704201873280910
0.00672699484170672170
0.00671413728804966420
0.00669844914832564470
0.00667988363782808310
0.00665836439147724730
0.00663378119716056220
0.00660598486837894390
0.00657478179098803550
0.00653992875542275250
0.00650112870155958220
0.00645802796226651810
0.00641021550359442690
0.00635722453789985390
0.00629853674524699390
0.00623358919103181660
0.00616178388388378350
0.00608249978452065060
0.00599510695844970250
0.00589898246819151300
0.00579352753056257800
0.00567818543019744330
0.00555245969163809410
0.00541593207654374190
0.00526828009058465980
0.00510929384524770520
0.00493889229667590890
0.00475713903507455400
0.00456425787197181020
0.00436064841607115230
0.00414690160240171160
0.00392381473334359710
0.00369240503422494940
0.00345392009729562740
0.00320984300426873680
0.00296188952261965690
0.00271199470619117510
0.00246228660420550520
0.00221504563745615610
0.00197264949235586780
0.00173750497612098330
0.00151196995458302690
0.00129826999769272350
0.00109841542856595370
0.00091412490532071108
0.00074676135408464157
0.00059728503339487695
0.00046622688678039340
0.00035368337365028349
0.00025933195463862955
0.00018246463915943568
0.00012203571503402376
0.00007671910898852939
0.00004497079222759032
0.00002509215727170367
0.00001529118008944694
0.00001373923571799108
0.00001862245222211765
0.00002818730602907335
0.00004078068610994114
0.00005488486156425633
0.00006914771603487871
0.00008240834587300073
0.00009371776070374693
0.00010235407808128683
0.00010783135472116286
0.00010990110570680666
0.00010854566084558175
0.00010396279600163798
0.00009654153335273264
0.00008682958385362722
0.00007549354788306418
0.00006327362660116018
0.00005093515465440043
0.00003921967711043359
0.00002879850519688041
0.00002023166162289522
0.00001393485671667201
0.00001015663751900169
0.00000896716419030630
0.00001025925197163661
0.00001376144476287466
0.00001906203369773782
0.00002564217148385244
0.00003291561966075316
0.00004027224417872627
0.00004712216966420636
0.00005293752137039479
