0.00067457322057792098
0.00096445538819636006
0.00113528731047388620
0.00113044456051949490
0.00094683352321101749
0.00063889678509719647
0.00030546000812032610
0.00006232826660410040
0.00000783170829600233
0.00019100949909987296
0.00059201912875325008
0.00112154520477895510
0.00164106964540964430
0.00200006949115749810
0.00208105540238403200
0.00184030013240819360
0.00133211256736749730
0.00070782067705664519
0.00018661663944350562
0.00000273373232093847
0.00034028363579727917
0.00127170361854939260
0.00271681458815825180
0.00443644272106938790
0.00606784354633708130
0.00720011920040523460
0.00747837916147940220
0.00671767747627102350
0.00500357001237196430
0.00275655270000344040
0.00074277089171806865
0.00002233456874689472
0.00183763316472268510
0.00745508041416489270
0.01798261374461059300
0.03419035377676302900
0.05636219648648623000
0.08420177719125725200
0.11680809133266130000
0.15272560950151171000
0.19006283007771335000
0.22666367567230394000
0.26030939820691795000
0.28892556537016062000
0.31076943664584106000
0.32457714608516286000
0.32965665510249909000
0.32592021767758339000
0.31385787136013421000
0.29446015540531839000
0.26910309723425546000
0.23941111481834135000
0.20711384613670353000
0.17391134131926342000
0.14135905503204726000
0.11078027142862426000
0.08320958924629756600
0.05936740686572786200
0.03966234933683610700
0.02421648083424071000
0.01290700030222442300
0.00541785099182732520
0.00129512338894724990
0.00000108607097751015
0.00096292159725376819
0.00361357615434411290
0.00742339314842614500
0.01192228127789186400
0.01671300441019609600
0.02147675413034198400
0.02597248965260736500
0.03003163980412783300
0.03354970590512836000
0.03647613373904023300
0.03880358531885633200
0.04055747729291000300
0.04178639363100780000
0.04255374695119877600
0.04293086782699573300
0.04299154962679318400
0.04280796733344741100
0.04244781813334798400
0.04197249303287781100
0.04143607524978233600
0.04088496568195648000
0.04035795217945618200
0.03988656252816315300
0.03949556708999849000
0.03920352319935446100
0.03902327799761983600
0.039023277997619836000.03902327799761983600
0.03920352319935446100
0.03949556708999849000
0.03988656252816315300
0.04035795217945618200
0.04088496568195648000
0.04143607524978233600
0.04197249303287781100
0.04244781813334798400
0.04280796733344741100
0.04299154962679318400
0.04293086782699573300
0.04255374695119877600
0.04178639363100780000
0.04055747729291000300
0.03880358531885633200
0.03647613373904023300
0.03354970590512836000
0.03003163980412783300
0.02597248965260736500
0.02147675413034198400
0.01671300441019609600
0.01192228127789186400
0.00742339314842614500
0.00361357615434411290
0.00096292159725376819
0.00000108607097751015
0.00129512338894724990
0.00541785099182732520
0.01290700030222442300
0.02421648083424071000
0.03966234933683610700
0.05936740686572786200
0.08320958924629756600
0.11078027142862426000
0.14135905503204726000
0.17391134131926342000
0.20711384613670353000
0.23941111481834135000
0.26910309723425546000
0.29446015540531839000
0.31385787136013421000
0.32592021767758339000
0.32965665510249909000
0.32457714608516286000
0.31076943664584106000
0.28892556537016062000
0.26030939820691795000
0.22666367567230394000
0.19006283007771335000
0.15272560950151171000
0.11680809133266130000
0.08420177719125725200
0.05636219648648623000
0.03419035377676302900
0.01798261374461059300
0.00745508041416489270
0.00183763316472268510
0.00002233456874689472
0.00074277089171806865
0.00275655270000344040
0.00500357001237196430
0.00671767747627102350
0.00747837916147940220
0.00720011920040523460
0.00606784354633708130
0.00443644272106938790
0.00271681458815825180
0.00127170361854939260
0.00034028363579727917
0.00000273373232093847
0.00018661663944350562
0.00070782067705664519
0.00133211256736749730
0.00184030013240819360
0.00208105540238403200
0.00200006949115749810
0.00164106964540964430
0.00112154520477895510
0.00059201912875325008
0.00019100949909987296
0.00000783170829600233
0.00006232826660410040
0.00030546000812032610
0.00063889678509719647
0.00094683352321101749
0.00113044456051949490
0.00113528731047388620
0.00096445538819636006
