0.00001773257394331220
0.00020551482437951434
0.00055433219192365518
0.00097130033064796184
0.00134152949633294500
0.00155957932599887370
0.00155954184045254500
0.00133558167106654990
0.00094698351056996444
0.00050560986952468009
0.00014822299141923413
0.00000023283508831203
0.00014003227371097631
0.00057344805268156912
0.00122578209884861280
0.00195484999644164560
0.00258326450430881050
0.00294318954092577610
0.00292314707472225670
0.00250515383443819340
0.00178193131078635530
0.00094796400869766903
0.00026395986703755159
0.00000054064579149383
0.00037234996422484023
0.00147696469999753400
0.00325322761968466390
0.00547070882445619200
0.00775644549539871840
0.00965796563193342150
0.01073427629626830900
0.01066044233283213300
0.00932779958431240000
0.00692145173501567710
0.00395958936373731490
0.00128482339142130300
0.00000512707954487093
0.00138983148341308580
0.00673308866138448880
0.01720218617974014100
0.03369034265867278100
0.05669290765484103600
0.08622249391910562200
0.12177315650168867000
0.16233723005780004000
0.20647185398687171000
0.25240647869174515000
0.29817845850611030000
0.34178159985172674000
0.38131232681277138000
0.41509974058882460000
0.44180885664688363000
0.46051015241710475000
0.47071267045805104000
0.47236177530818602000
0.46580585237303807000
0.45173850994697584000
0.43112410224327391000
0.40511467196309242000
0.37496586150099959000
0.34195817480012003000
0.30732842618639022000
0.27221451947891862000
0.23761505818252857000
0.20436384474133029000
0.17311817832208173000
0.14435904889512446000
0.11840084879610437000
0.09540804675200161000
0.07541633785585465100
0.05835603081884149800
0.04407579531464691400
0.03236530812395568800
0.02297575852219056100
0.01563756490524439300
0.01007499252857243400
0.00601763418711313660
0.00320891858041544730
0.00141194864941765110
0.00041305242752758171
0.00002346237957047432
0.00007953699004096062
0.00044191120832170165
0.00099391970525229537
0.00163958651012322680
0.00230142243999305030
0.00291822202450181530
0.00344300704155079110
0.00384122569117075190
0.00408928520159156010
0.004089285201591560100.00408928520159156010
0.00384122569117075190
0.00344300704155079110
0.00291822202450181530
0.00230142243999305030
0.00163958651012322680
0.00099391970525229537
0.00044191120832170165
0.00007953699004096062
0.00002346237957047432
0.00041305242752758171
0.00141194864941765110
0.00320891858041544730
0.00601763418711313660
0.01007499252857243400
0.01563756490524439300
0.02297575852219056100
0.03236530812395568800
0.04407579531464691400
0.05835603081884149800
0.07541633785585465100
0.09540804675200161000
0.11840084879610437000
0.14435904889512446000
0.17311817832208173000
0.20436384474133029000
0.23761505818252857000
0.27221451947891862000
0.30732842618639022000
0.34195817480012003000
0.37496586150099959000
0.40511467196309242000
0.43112410224327391000
0.45173850994697584000
0.46580585237303807000
0.47236177530818602000
0.47071267045805104000
0.46051015241710475000
0.44180885664688363000
0.41509974058882460000
0.38131232681277138000
0.34178159985172674000
0.29817845850611030000
0.25240647869174515000
0.20647185398687171000
0.16233723005780004000
0.12177315650168867000
0.08622249391910562200
0.05669290765484103600
0.03369034265867278100
0.01720218617974014100
0.00673308866138448880
0.00138983148341308580
0.00000512707954487093
0.00128482339142130300
0.00395958936373731490
0.00692145173501567710
0.00932779958431240000
0.01066044233283213300
0.01073427629626830900
0.00965796563193342150
0.00775644549539871840
0.00547070882445619200
0.00325322761968466390
0.00147696469999753400
0.00037234996422484023
0.00000054064579149383
0.00026395986703755159
0.00094796400869766903
0.00178193131078635530
0.00250515383443819340
0.00292314707472225670
0.00294318954092577610
0.00258326450430881050
0.00195484999644164560
0.00122578209884861280
0.00057344805268156912
0.00014003227371097631
0.00000023283508831203
0.00014822299141923413
0.00050560986952468009
0.00094698351056996444
0.00133558167106654990
0.00155954184045254500
0.00155957932599887370
0.00134152949633294500
0.00097130033064796184
0.00055433219192365518
0.00020551482437951434
