0.00126511576610653780
0.00077756028486629164
0.00033644862006968130
0.00005656422356662789
0.00001536729884139712
0.00023340948517133034
0.00066806177101326448
0.00122228122421457420
0.00176666239910621420
0.00216989088477276750
0.00233065844447758080
0.00220359546556940120
0.00181296487991486130
0.00125050063790069850
0.00065729334984894548
0.00019325265202120952
0.00000060408919605742
0.00016944669672287480
0.00071323583182553814
0.00156016691348639480
0.00256319577406198930
0.00352750954623988690
0.00425047786732079150
0.00456626376259779920
0.00438596291095288190
0.00372466063700359250
0.00270906794593693550
0.00156299028966797300
0.00057210511069973123
0.00003356785091913284
0.00019906438627637055
0.00122150260332496920
0.00311530153047069080
0.00573824367394861960
0.00879946964709594870
0.01189401314579092300
0.01456001493659792700
0.01635111817792702900
0.01691410086108711300
0.01606088920247788700
0.01382479911528900300
0.01049299443976079100
0.00661034470626569850
0.00295359603964589390
0.00047848213461668782
0.00024559320869971176
0.00333310415901973960
0.01074561628790047700
0.02332834332717167000
0.04169478660925310400
0.06617413536089146500
0.09678221107834525400
0.13321718770629681000
0.17487887532125063000
0.22090830660188429000
0.27024288166205573000
0.32168148628636234000
0.37395379480438740000
0.42578832599941996000
0.47597461482823061000
0.52341594575969730000
0.56717031336751744000
0.60647849481751204000
0.64077922585228964000
0.66971238845334735000
0.69311180039693165000
0.71098963162446982000
0.72351467266017455000
0.73098667779050241000
0.73380884316783290000
0.73246020465695216000
0.72746939825652501000
0.71939085829465332000
0.70878416868129812000
0.69619695493233014000
0.68215142540699891000
0.66713444734172156000
0.65159087847193065000
0.63591976508118042000
0.62047295567714611000
0.60555565778017395000
0.59142847446252012000
0.57831048847187061000
0.56638300704929501000
0.55579363318211994000
0.54666038369007253000
0.53907562731191905000
0.53310966423419415000
0.52881381082768908000
0.52622288923106197000
0.526222889231061970000.52622288923106197000
0.52881381082768908000
0.53310966423419415000
0.53907562731191905000
0.54666038369007253000
0.55579363318211994000
0.56638300704929501000
0.57831048847187061000
0.59142847446252012000
0.60555565778017395000
0.62047295567714611000
0.63591976508118042000
0.65159087847193065000
0.66713444734172156000
0.68215142540699891000
0.69619695493233014000
0.70878416868129812000
0.71939085829465332000
0.72746939825652501000
0.73246020465695216000
0.73380884316783290000
0.73098667779050241000
0.72351467266017455000
0.71098963162446982000
0.69311180039693165000
0.66971238845334735000
0.64077922585228964000
0.60647849481751204000
0.56717031336751744000
0.52341594575969730000
0.47597461482823061000
0.42578832599941996000
0.37395379480438740000
0.32168148628636234000
0.27024288166205573000
0.22090830660188429000
0.17487887532125063000
0.13321718770629681000
0.09678221107834525400
0.06617413536089146500
0.04169478660925310400
0.02332834332717167000
0.01074561628790047700
0.00333310415901973960
0.00024559320869971176
0.00047848213461668782
0.00295359603964589390
0.00661034470626569850
0.01049299443976079100
0.01382479911528900300
0.01606088920247788700
0.01691410086108711300
0.01635111817792702900
0.01456001493659792700
0.01189401314579092300
0.00879946964709594870
0.00573824367394861960
0.00311530153047069080
0.00122150260332496920
0.00019906438627637055
0.00003356785091913284
0.00057210511069973123
0.00156299028966797300
0.00270906794593693550
0.00372466063700359250
0.00438596291095288190
0.00456626376259779920
0.00425047786732079150
0.00352750954623988690
0.00256319577406198930
0.00156016691348639480
0.00071323583182553814
0.00016944669672287480
0.00000060408919605742
0.00019325265202120952
0.00065729334984894548
0.00125050063790069850
0.00181296487991486130
0.00220359546556940120
0.00233065844447758080
0.00216989088477276750
0.00176666239910621420
0.00122228122421457420
0.00066806177101326448
0.00023340948517133034
0.00001536729884139712
0.00005656422356662789
0.00033644862006968130
0.00077756028486629164
