0.00228327559009935430
0.00248519635799497290
0.00240955327738043980
0.00207294632648428400
0.00154971504641821310
0.00095623532709844820
0.00042626534984520532
0.00008245975082367426
0.00000997397862461339
0.00023766972873891202
0.00073089323504855650
0.00139744601127186330
0.00210568066431344230
0.00271117615014289420
0.00308667570548454280
0.00314926014112304260
0.00287921857436270220
0.00232666807835273450
0.00160434701132609840
0.00086769726602821851
0.00028583508913674130
0.00000881156908345850
0.00013734309769626983
0.00070080940652438332
0.00164785376431426110
0.00285165812008982610
0.00412932834221592820
0.00527229282879205200
0.00608264162993755060
0.00640925086295781370
0.00617751871630990190
0.00540756417013148970
0.00421760912667581890
0.00281164568545457260
0.00145297901714867670
0.00042743033952008817
0.00000154957700031549
0.00038190724268889346
0.00168133838543635110
0.00389697171849605210
0.00690319009681583490
0.01046061203613473900
0.01424006836022187500
0.01785866721024997200
0.02092363055240915200
0.02307879605654068700
0.02404856191796966500
0.02367456674062952100
0.02194142238377493800
0.01898918307694248000
0.01511174471316782800
0.01074183501663234100
0.00642451794272228500
0.00278207860130929570
0.00047371495254766062
0.00015362833614297267
0.00243091065883398100
0.00783413990151081080
0.01678290623998774500
0.02956769436064918300
0.04633873467474511300
0.06710368456821903800
0.09173336862826975100
0.11997433021488547000
0.15146664073666274000
0.18576527388448782000
0.22236336173135746000
0.26071578014615576000
0.30026172949398355000
0.34044524934416948000
0.38073290155440559000
0.42062814805142701000
0.45968221731748626000
0.49750148288967905000
0.53375156011055358000
0.56815846132731995000
0.60050723641736337000
0.63063856973156729000
0.65844381307464983000
0.68385891491237061000
0.70685766645346471000
0.72744463293931760000
0.74564807980566150000
0.76151314362744660000
0.77509544095963734000
0.78645525718738318000
0.79565241405586418000
0.80274187949043507000
0.80777015670549224000
0.81077247090858418000
0.810772470908584180000.81077247090858418000
0.80777015670549224000
0.80274187949043507000
0.79565241405586418000
0.78645525718738318000
0.77509544095963734000
0.76151314362744660000
0.74564807980566150000
0.72744463293931760000
0.70685766645346471000
0.68385891491237061000
0.65844381307464983000
0.63063856973156729000
0.60050723641736337000
0.56815846132731995000
0.53375156011055358000
0.49750148288967905000
0.45968221731748626000
0.42062814805142701000
0.38073290155440559000
0.34044524934416948000
0.30026172949398355000
0.26071578014615576000
0.22236336173135746000
0.18576527388448782000
0.15146664073666274000
0.11997433021488547000
0.09173336862826975100
0.06710368456821903800
0.04633873467474511300
0.02956769436064918300
0.01678290623998774500
0.00783413990151081080
0.00243091065883398100
0.00015362833614297267
0.00047371495254766062
0.00278207860130929570
0.00642451794272228500
0.01074183501663234100
0.01511174471316782800
0.01898918307694248000
0.02194142238377493800
0.02367456674062952100
0.02404856191796966500
0.02307879605654068700
0.02092363055240915200
0.01785866721024997200
0.01424006836022187500
0.01046061203613473900
0.00690319009681583490
0.00389697171849605210
0.00168133838543635110
0.00038190724268889346
0.00000154957700031549
0.00042743033952008817
0.00145297901714867670
0.00281164568545457260
0.00421760912667581890
0.00540756417013148970
0.00617751871630990190
0.00640925086295781370
0.00608264162993755060
0.00527229282879205200
0.00412932834221592820
0.00285165812008982610
0.00164785376431426110
0.00070080940652438332
0.00013734309769626983
0.00000881156908345850
0.00028583508913674130
0.00086769726602821851
0.00160434701132609840
0.00232666807835273450
0.00287921857436270220
0.00314926014112304260
0.00308667570548454280
0.00271117615014289420
0.00210568066431344230
0.00139744601127186330
0.00073089323504855650
0.00023766972873891202
0.00000997397862461339
0.00008245975082367426
0.00042626534984520532
0.00095623532709844820
0.00154971504641821310
0.00207294632648428400
0.00240955327738043980
0.00248519635799497290
