0.00126368539196311940
0.00191696898633801780
0.00247042335214852240
0.00281082257875969400
0.00286882214195191250
0.00263253383941401170
0.00214984611877670410
0.00151909070512134870
0.00086988861595256725
0.00033787571621491643
0.00003815927348163193
0.00004258168040299978
0.00036513262000329659
0.00095830478340730885
0.00172112936863251980
0.00251744584268569520
0.00320106209054333690
0.00364319260043553200
0.00375714752795974860
0.00351574713851236400
0.00295824884658374200
0.00218544833531915830
0.00134370810929126650
0.00060060297867676376
0.00011631741078748281
0.00001564569009170960
0.00036532799436823704
0.00116054613864831630
0.00232287688063743900
0.00371012969053597250
0.00513659662376204920
0.00640062125403951030
0.00731529820288237110
0.00773769449027069630
0.00759227381306975740
0.00688512748531363000
0.00570700146652707710
0.00422472911150232910
0.00266228632905257060
0.00127405203212833570
0.00031380659703729837
0.00000343228517224300
0.00050517107210049442
0.00190070197610479860
0.00417933711441012550
0.00723645660422437070
0.01088207310155197400
0.01485829226120605000
0.01886354057887474800
0.02258084920420050000
0.02570724605253864300
0.02798140796894285600
0.02920711096359275600
0.02927061422757429700
0.02815083369519827800
0.02592191318351221000
0.02274850493920540400
0.01887466321957075700
0.01460769220168465500
0.01029855335165788000
0.00632052836777358390
0.00304776982521549930
0.00083518257251516577
0.00000080135037146204
0.00081150237683326649
0.00347254475954824820
0.00812111215491880850
0.01482373946782896900
0.02357727900785830000
0.03431289311598593300
0.04690245680408775000
0.06116670996307722900
0.07688450591895479300
0.09380255100383157200
0.11164510694498855000
0.13012322311502894000
0.14894316899903273000
0.16781384023927412000
0.18645300784463020000
0.20459236507512735000
0.22198139741364417000
0.23839015675386338000
0.25361106154620588000
0.26745987114441927000
0.27977599657443997000
0.29042231331248708000
0.29928463641039788000
0.30627100635993626000
0.31131091716102954000
0.31435459759965839000
0.314354597599658390000.31435459759965839000
0.31131091716102954000
0.30627100635993626000
0.29928463641039788000
0.29042231331248708000
0.27977599657443997000
0.26745987114441927000
0.25361106154620588000
0.23839015675386338000
0.22198139741364417000
0.20459236507512735000
0.18645300784463020000
0.16781384023927412000
0.14894316899903273000
0.13012322311502894000
0.11164510694498855000
0.09380255100383157200
0.07688450591895479300
0.06116670996307722900
0.04690245680408775000
0.03431289311598593300
0.02357727900785830000
0.01482373946782896900
0.00812111215491880850
0.00347254475954824820
0.00081150237683326649
0.00000080135037146204
0.00083518257251516577
0.00304776982521549930
0.00632052836777358390
0.01029855335165788000
0.01460769220168465500
0.01887466321957075700
0.02274850493920540400
0.02592191318351221000
0.02815083369519827800
0.02927061422757429700
0.02920711096359275600
0.02798140796894285600
0.02570724605253864300
0.02258084920420050000
0.01886354057887474800
0.01485829226120605000
0.01088207310155197400
0.00723645660422437070
0.00417933711441012550
0.00190070197610479860
0.00050517107210049442
0.00000343228517224300
0.00031380659703729837
0.00127405203212833570
0.00266228632905257060
0.00422472911150232910
0.00570700146652707710
0.00688512748531363000
0.00759227381306975740
0.00773769449027069630
0.00731529820288237110
0.00640062125403951030
0.00513659662376204920
0.00371012969053597250
0.00232287688063743900
0.00116054613864831630
0.00036532799436823704
0.00001564569009170960
0.00011631741078748281
0.00060060297867676376
0.00134370810929126650
0.00218544833531915830
0.00295824884658374200
0.00351574713851236400
0.00375714752795974860
0.00364319260043553200
0.00320106209054333690
0.00251744584268569520
0.00172112936863251980
0.00095830478340730885
0.00036513262000329659
0.00004258168040299978
0.00003815927348163193
0.00033787571621491643
0.00086988861595256725
0.00151909070512134870
0.00214984611877670410
0.00263253383941401170
0.00286882214195191250
0.00281082257875969400
0.00247042335214852240
0.00191696898633801780
