-89.3827
-90.2022
-86.3181
-82.8667
-80.3256
-78.4035
-76.9012
-75.6997
-74.7255
-73.9301
-73.2805
-72.7528
-72.3293
-71.9967
-71.7445
-71.5642
-71.4492
-71.394
-71.3938
-71.4448
-71.5436
-71.6871
-71.8722
-72.0958
-72.3544
-72.6439
-72.9589
-73.2925
-73.6358
-73.9774
-74.3031
-74.5964
-74.84
-75.0172
-75.1153
-75.128
-75.0567
-74.9103
-74.7027
-74.4498
-74.1668
-73.866
-73.5556
-73.2398
-72.9189
-72.5902
-72.2493
-71.8909
-71.5106
-71.1057
-70.6763
-70.2254
-69.7584
-69.2827
-68.8063
-68.3374
-67.8835
-67.4508
-67.0442
-66.6672
-66.322
-66.0095
-65.7295
-65.481
-65.2621
-65.0705
-64.9031
-64.7567
-64.6277
-64.5127
-64.4082
-64.3108
-64.2178
-64.1267
-64.0358
-63.9439
-63.8504
-63.7555
-63.6597
-63.5639
-63.4695
-63.3781
-63.2911
-63.2102
-63.1368
-63.0723
-63.0179
-62.9746
-62.9431
-62.9241
-62.9178
-62.9243
-62.9436
-62.9753
-63.0188
-63.0734
-63.138
-63.2116
-63.2926
-63.3798
-63.4714
-63.5659
-63.6619
-63.758
-63.8534
-63.9473
-64.0397
-64.1312
-64.223
-64.3168
-64.415
-64.5204
-64.6363
-64.766
-64.9133
-65.0814
-65.2737
-65.4932
-65.7422
-66.0225
-66.3353
-66.6806
-67.0576
-67.464
-67.8965
-68.3502
-68.8188
-69.295
-69.7706
-70.2377
-70.689
-71.1191
-71.525
-71.9068
-72.2671
-72.6102
-72.9414
-73.2651
-73.5841
-73.8978
-74.2022
-74.4887
-74.7449
-74.9555
-75.104
-75.176
-75.1625
-75.0619
-74.8804
-74.6312
-74.3312
-73.9982
-73.649
-73.2979
-72.9567
-72.6345
-72.3382
-72.0731
-71.8436
-71.6532
-71.505
-71.402
-71.3474
-71.3446
-71.3977
-71.5112
-71.6907
-71.9432
-72.2769
-72.7027
-73.234
-73.889
-74.6921
-75.6773
-76.8947
-78.4215
-80.3838
-82.9994
-86.6088
-90.7251
-89.4854
-85.1091
-81.7289
-79.2251
-77.289
-75.7375
-74.4623
-73.395
-72.4896
-71.7128
-71.0397
-70.4501
-69.9278
-69.4585
-69.0305
-68.6336
-68.2594
-67.9018
-67.5567
-67.222
-66.8977
-66.586
-66.2904
-66.0155
-65.7669
-65.5505
-65.3726
-65.2393
-65.1569
-65.1316
-65.1696
-65.2777
-65.4628
-65.7331
-66.0977
-66.5676
-67.1562
-67.8802
-68.7602
-69.8205
-71.0855
-72.5634
-74.1889
-75.6663
-76.3054
-75.5688
-73.9091
-72.043
-70.3001
-68.7574
-67.4081
-66.2263
-65.1856
-64.2635
-63.4422
-62.7071
-62.0469
-61.4525
-60.9165
-60.4329
-59.9967
-59.6036
-59.2502
-58.9331
-58.6496
-58.3971
-58.1731
-57.9753
-57.8014
-57.6493
-57.5169
-57.402
-57.3028
-57.2172
-57.1436
-57.0802
-57.0256
-56.9783
-56.9372
-56.9014
-56.8701
-56.8425
-56.8184
-56.7972
-56.779
-56.7635
-56.7508
-56.7409
-56.7338
-56.7295
-56.7282
-56.7297
-56.7341
-56.7414
-56.7514
-56.7642
-56.7798
-56.798
-56.8191
-56.8432
-56.8706
-56.9018
-56.9374
-56.9781
-57.025
-57.0792
-57.1421
-57.2152
-57.3002
-57.3988
-57.513
-57.6447
-57.796
-57.969
-58.1658
-58.3888
-58.6401
-58.9222
-59.2377
-59.5895
-59.9805
-60.4145
-60.8956
-61.4287
-62.0197
-62.6761
-63.4067
-64.2231
-65.1393
-66.1734
-67.3475
-68.688
-70.2214
-71.9565
-73.8236
-75.5103
-76.3101
-75.7277
-74.2673
-72.6359
-71.1462
-69.8696
-68.7991
-67.9103
-67.1787
-66.5834
-66.1075
-65.7375
-65.4621
-65.272
-65.1593
-65.1169
-65.138
-65.2165
-65.3463
-65.5213
-65.7354
-65.9828
-66.2577
-66.5548
-66.8695
-67.1984
-67.5396
-67.8929
-68.26
-68.6448
-69.0533
-69.4934
-69.9748
-70.5094
-71.1109
-71.7959
-72.5841
-73.5009
-74.5795
-75.8662
-77.4293
-79.3764
-81.8858
-85.2382
-89.3827
