-64.6564
-64.7066
-64.8592
-65.1176
-65.4873
-65.977
-66.5995
-67.3728
-68.3235
-69.4909
-70.9364
-72.7629
-75.1605
-78.5448
-84.1492
-99.1664
-86.0054
-79.8285
-76.3954
-74.0863
-72.4046
-71.1326
-70.1559
-69.407
-68.8431
-68.4356
-68.1646
-68.0156
-67.9784
-68.0449
-68.2093
-68.4666
-68.8125
-69.2427
-69.7519
-70.3335
-70.9777
-71.6704
-72.3914
-73.1133
-73.8013
-74.4168
-74.9241
-75.3004
-75.5426
-75.6679
-75.7066
-75.6915
-75.6507
-75.6026
-75.556
-75.5107
-75.4596
-75.3917
-75.2947
-75.1593
-74.9814
-74.764
-74.5174
-74.2573
-74.0023
-73.772
-73.5856
-73.4606
-73.414
-73.4618
-73.6207
-73.9095
-74.3501
-74.9704
-75.8063
-76.9037
-78.3142
-80.0564
-81.9318
-83.0165
-82.0611
-79.7409
-77.3129
-75.1855
-73.3875
-71.8719
-70.5904
-69.5047
-68.5867
-67.8157
-67.1767
-66.6592
-66.256
-65.9627
-65.7772
-65.6999
-65.7337
-65.8839
-66.1594
-66.5736
-67.1458
-67.9048
-68.8944
-70.1844
-71.895
-74.2582
-77.8198
-84.509
-97.9773
-81.2097
-75.7696
-72.4339
-70.0435
-68.2032
-66.7307
-65.5267
-64.5313
-63.706
-63.025
-62.4702
-62.0289
-61.6923
-61.4544
-61.3115
-61.2622
-61.3066
-61.4469
-61.6874
-62.0348
-62.4989
-63.0935
-63.8379
-64.7593
-65.8962
-67.3039
-69.0589
-71.2473
-73.8287
-75.9168
-75.3458
-72.7541
-70.1262
-67.9397
-66.1587
-64.6949
-63.4779
-62.4573
-61.5975
-60.8729
-60.2644
-59.7579
-59.3423
-59.009
-58.7511
-58.5629
-58.4395
-58.3765
-58.3699
-58.4153
-58.5083
-58.6437
-58.8153
-59.0155
-59.2351
-59.4627
-59.685
-59.8873
-60.0543
-60.1719
-60.229
-60.2197
-60.1444
-60.0092
-59.8254
-59.6068
-59.368
-59.1228
-58.8835
-58.6599
-58.4599
-58.2896
-58.1533
-58.0541
-57.9941
-57.9745
-57.9956
-58.057
-58.1576
-58.2955
-58.4675
-58.6692
-58.8947
-59.1361
-59.3833
-59.6242
-59.8449
-60.0307
-60.1674
-60.2439
-60.2538
-60.1966
-60.0784
-59.9103
-59.7064
-59.4822
-59.2527
-59.031
-58.8286
-58.6548
-58.5173
-58.4221
-58.3745
-58.379
-58.4398
-58.5609
-58.7466
-59.0019
-59.3324
-59.7449
-60.2481
-60.8527
-61.573
-62.4275
-63.4417
-64.6507
-66.1041
-67.8709
-70.0384
-72.6446
-75.2426
-75.9076
-73.8878
-71.3125
-69.115
-67.3502
-65.9342
-64.7904
-63.8634
-63.1141
-62.5153
-62.0475
-61.6968
-61.4532
-61.31
-61.2628
-61.3095
-61.4497
-61.6851
-62.0191
-62.4576
-63.0096
-63.6876
-64.5095
-65.5011
-66.7008
-68.1678
-70.0009
-72.3807
-75.6976
-81.0903
-97.3041
-84.6269
-77.8574
-74.2709
-71.8945
-70.1753
-68.8786
-67.8834
-67.1194
-66.5425
-66.1238
-65.8438
-65.689
-65.6505
-65.7228
-65.903
-66.1906
-66.5874
-67.0979
-67.7289
-68.4908
-69.3982
-70.4711
-71.737
-73.2334
-75.0077
-77.1079
-79.517
-81.8764
-82.9907
-82.0388
-80.1844
-78.4233
-76.9895
-75.872
-75.02
-74.3869
-73.9364
-73.6402
-73.4759
-73.425
-73.4707
-73.597
-73.7872
-74.0238
-74.2877
-74.5588
-74.8178
-75.0478
-75.2375
-75.3823
-75.4855
-75.5562
-75.6063
-75.6475
-75.6873
-75.7268
-75.758
-75.763
-75.715
-75.582
-75.3346
-74.9559
-74.4487
-73.835
-73.1495
-72.4302
-71.7113
-71.0202
-70.3769
-69.7958
-69.2865
-68.8561
-68.5096
-68.2515
-68.0862
-68.0187
-68.0549
-68.2028
-68.4729
-68.8795
-69.4424
-70.1906
-71.1668
-72.4385
-74.1206
-76.4312
-79.8689
-86.0637
-99.1742
-84.1435
-78.5492
-75.1679
-72.7713
-70.945
-69.4991
-68.3312
-67.3798
-66.6056
-65.9822
-65.4915
-65.1208
-64.8614
-64.7077
-64.6564
