0.00000034226205619876
0.00000033833006189872
0.00000032664444094221
0.00000030778093365113
0.00000028266528989734
0.00000025252137037467
0.00000021880278016923
0.00000018311213072958
0.00000014711275796648
0.00000011243815756654
0.00000008060450583974
0.00000005293140780431
0.00000003047546695565
0.00000001398043700615
0.00000000384664738167
0.00000000012115984594
0.00000000250879348633
0.00000001040283633492
0.00000002293303199706
0.00000003902737163240
0.00000005748340726804
0.00000007704428707409
0.00000009647453138348
0.00000011463073049594
0.00000013052283710828
0.00000014336250849578
0.00000015259596543567
0.00000015791999812227
0.00000015928097460036
0.00000015685790116895
0.00000015103165708051
0.00000014234339907843
0.00000013144574389105
0.00000011905065030400
0.00000010587792389929
0.00000009260797003503
0.00000007984186139562
0.00000006807102290619
0.00000005765794084233
0.00000004882835397325
0.00000004167446217827
0.00000003616786504531
0.00000003218027965190
0.00000002950962605589
0.00000002790883431160
0.00000002711472116223
0.00000002687449211795
0.00000002696781357537
0.00000002722292616857
0.00000002752588355234
0.00000002782264665473
0.00000002811439032175
0.00000002844694102158
0.00000002889572306487
0.00000002954791896774
0.00000003048373043063
0.00000003175865413618
0.00000003338856560169
0.00000003533914811607
0.00000003752083340467
0.00000003978996317258
0.00000004195636755380
0.00000004379702199762
0.00000004507492368301
0.00000004556185713512
0.00000004506332916086
0.00000004344367451821
0.00000004064918931315
0.00000003672715518021
0.00000003183878134075
0.00000002626441127235
0.00000002039980304627
0.00000001474287389199
0.00000000987096683525
0.00000000640940855070
0.00000000499283500211
0.00000000622141403163
0.00000001061464120995
0.00000001856578052813
0.00000003030022634098
0.00000004584105008374
0.00000006498475142273
0.00000008728976125957
0.00000011207956253270
0.00000013846143922966
0.00000016536088388480
0.00000019157064989225
0.00000021581239549328
0.00000023680790249251
0.00000025335603378549
0.00000026441098184622
0.00000026915700608385
0.00000026707479565682
0.00000025799484281836
0.00000024213376701396
0.00000022011036822243
0.00000019293926652409
0.00000016200124367619
0.00000012899076818447
0.00000009584257562338
0.00000006464050462411
0.00000003751297159754
0.00000001652042669178
0.00000000354080483375
0.00000000015932081577
0.00000000756892815658
0.00000002648736191061
0.00000005709593251303
0.00000009900416985476
0.00000015124309245387
0.00000021228837026057
0.00000028011304714445
0.00000035226788231599
0.00000042598585091856
0.00000049830599937621
0.00000056621075656918
0.00000062677001798655
0.00000067728488840919
0.00000071542391033812
0.00000073934491977788
0.00000074779633688216
0.00000074019267649227
0.00000071666029734152
0.00000067805083163565
0.00000062592127454440
0.00000056248128870399
0.00000049050981634010
0.00000041324452033539
0.00000033424883279494
0.00000025726242297571
0.00000018604166506859
0.00000012419716180829
0.00000007503554620088
0.00000004141263683243
0.00000002560456976479
0.00000002920279024173
0.00000005303778872414
0.00000009713524598094
0.00000016070685764218
0.00000024217659422736
0.00000033924157942661
0.00000044896520380002
0.00000056789860266386
0.00000069222528576816
0.00000081792257958535
0.00000094093269119617
0.00000105733567596280
0.00000116351642527177
0.00000125631800398331
0.00000133317425839316
0.00000139221556210668
0.00000143234282622507
0.00000145326640985687
0.00000145550824994783
0.00000144036729763615
0.00000140985010824003
0.00000136657009052166
0.00000131362039137709
0.00000125442659963338
0.00000119258633839034
0.00000113170333980278
0.00000107522374081678
0.00000102628210578769
0.00000098756409473297
0.00000096119179440252
0.00000094863656783132
0.00000095066292137794
0.00000096730540744451
0.00000099787904921738
0.00000104102226227463
0.00000109476982323842
0.00000115665215667166
0.00000122381612744238
0.00000129316167527856
0.00000136148803818271
0.00000142564299711395
0.00000148266853991495
0.00000152993658126360
0.00000156526887115091
0.00000158703595210522
0.00000159423095279619
