0.00000023385518227933
0.00000024183131108261
0.00000024794246454243
0.00000025193842256160
0.00000025358859449696
0.00000025268505751317
0.00000024905521658786
0.00000024258374342527
0.00000023324189530983
0.00000022112116863707
0.00000020646758409013
0.00000018971267433587
0.00000017149729529076
0.00000015268452082756
0.00000013435796813225
0.00000011780191587362
0.00000010445965965113
0.00000009586699234378
0.00000009355888483715
0.00000009894973491505
0.00000011319113995576
0.00000013701591431274
0.00000017058249234879
0.00000021333899592413
0.00000026392985035990
0.00000032016855823714
0.00000037909694697765
0.00000043714330217761
0.00000049037953371942
0.00000053486215235449
0.00000056702559015888
0.00000058408221104374
0.00000058437437025432
0.00000056762280722761
0.00000053502410893025
0.00000048916793419367
0.00000043377020494946
0.00000037324780599254
0.00000031218846851867
0.00000025479101717026
0.00000020436128367201
0.00000016294472056958
0.00000013115762469846
0.00000010824733713264
0.00000009237291566039
0.00000008105849559332
0.00000007173932733668
0.00000006230182116905
0.00000005151802643760
0.00000003929270508408
0.00000002667477697334
0.00000001562844975831
0.00000000860471514873
0.00000000799246426617
0.00000001555278167008
0.00000003194522305421
0.00000005643990622310
0.00000008687676257099
0.00000011988934748739
0.00000015136335389338
0.00000017705808725538
0.00000019329015773322
0.00000019756748560572
0.00000018906995538228
0.00000016889868575827
0.00000014005387034941
0.00000010714449968571
0.00000007587443949288
0.00000005238158142937
0.00000004252533773128
0.00000005122052133547
0.00000008190335247910
0.00000013619111936282
0.00000021376572330488
0.00000031247846783115
0.00000042864419297276
0.00000055747123985665
0.00000069356209411377
0.00000083141837030828
0.00000096589183549851
0.00000109253793840056
0.00000120784665149527
0.00000130934413720371
0.00000139557509292284
0.00000146598774663856
0.00000152075051751192
0.00000156053145321110
0.00000158626960302354
0.00000159896282889928
0.00000159949064425002
0.00000158848474267834
0.00000156625474747397
0.00000153277266487169
0.00000148771635751245
0.00000143056952639982
0.00000136077254122141
0.00000127791446632254
0.00000118195162518685
0.00000107343236064972
0.00000095370213646384
0.00000082505906202836
0.00000069082876864261
0.00000055533065428437
0.00000042371569219351
0.00000030166931319018
0.00000019499036208800
0.00000010907679299223
0.00000004836773984463
0.00000001580653207350
0.00000001239685185921
0.00000003692199562680
0.00000008588387612281
0.00000015369451990421
0.00000023312085578542
0.00000031594779030835
0.00000039379037680756
0.00000045895911278072
0.00000050526817979203
0.00000052867820929619
0.00000052768385482173
0.00000050339011310339
0.00000045926522509611
0.00000040060526264615
0.00000033378836384354
0.00000026542765384350
0.00000020154565221145
0.00000014688685054619
0.00000010446010912936
0.00000007536297312341
0.00000005889301212442
0.00000005290523992132
0.00000005433769398977
0.00000005980562096640
0.00000006616165920852
0.00000007093455513235
0.00000007258847782172
0.00000007058251550393
0.00000006524785652647
0.00000005753125732685
0.00000004867226700830
0.00000003988569764418
0.00000003211054393268
0.00000002586534271695
0.00000002122313549345
0.00000001789275660483
0.00000001537250011639
0.00000001313100941243
0.00000001076985134871
0.00000000813164198587
0.00000000533377947898
0.00000000272666577961
0.00000000079246694402
0.00000000001245709957
0.00000000073575113407
0.00000000307943966986
0.00000000688111653279
0.00000001171204130640
0.00000001694574970824
0.00000002186569245368
0.00000002578858075593
0.00000002817856291763
0.00000002873096703595
0.00000002741189972236
0.00000002444959660780
0.00000002028296789303
0.00000001548039326389
0.00000001064619642142
0.00000000633284232677
0.00000000297400954272
0.00000000084820391360
0.00000000007580769722
0.00000000064581657575
0.00000000246324984292
0.00000000540518443389
0.00000000937291589925
0.00000001432972875319
0.00000002031757318274
0.00000002745072310681
0.00000003588926472643
0.00000004579915398417
0.00000005730793889412
0.00000007046574825311
0.00000008521983516527
0.00000010140818266471
0.00000011877400949230
0.00000013699914654510
0.00000015575085982704
0.00000017473431216051
0.00000019374180779549
0.00000021269032613780
0.00000023164046169287
0.00000025079240601048
0.00000027045759920047
0.00000029100771014470
0.00000031280532657130
0.00000033612293440730
0.00000036105836833471
0.00000038745595503144
0.00000041484311319066
0.00000044239223571068
0.00000046891715745267
0.00000049291216431191
0.00000051263898464553
0.00000052626319105274
0.00000053203576790666
0.00000052850845014511
0.00000051476347217466
0.00000049063076240767
0.00000045685998336726
0.00000041521293090442
0.00000036844525056136
0.00000032015614429219
0.00000027450061479260
0.00000023577939956716
0.00000020794432016767
0.00000019407750596516
0.00000019591758569765
0.00000021351057694421
0.00000024505520220672
0.00000028699110817254
0.00000033434583756561
0.00000038131675533469
0.00000042202375497092
0.00000045133467254473
0.00000046564469664641
0.00000046348864203822
0.00000044588273785705
0.00000041632893311287
0.00000038046443809765
0.00000034539430441024
0.00000031879590348836
0.00000030792214275542
0.00000031864819942299
0.00000035470097201579
0.00000041718207461805
0.00000050444887481497
0.00000061236187204821
0.00000073485039291665
0.00000086470175947941
0.00000099444944661364
0.00000111722765901781
0.00000122747359954465
0.00000132139093381712
0.00000139713197616935
0.00000145470362862655
0.00000149564472192182
0.00000152255321708624
0.00000153855642438162
0.00000154681488016946
0.00000155013283511168
0.00000155072000740276
0.00000155011637602289
0.00000154926062218495
0.00000154865876838211
0.00000154859623402966
0.00000154933529231620
0.00000155124986108450
0.00000155486787362402
0.00000156081410247111
0.00000156966878298442
0.00000158177562303109
0.00000159704375487555
0.00000161479031330361
0.00000163366364113702
0.00000165167313319921
0.00000166633305966139
0.00000167490762015348
0.00000167472632177521
0.00000166352547494534
0.00000163976525119479
0.00000160287332987756
0.00000155337545064396
0.00000149288881618482
0.00000142397395682262
0.00000134986147763798
0.00000127408896713140
0.00000120009739428841
0.00000113084333579879
0.00000106848210230212
0.00000101416719903377
0.00000096799473496506
0.00000092909969765643
0.00000089588761283345
0.00000086636361811970
0.00000083850491587068
0.00000081061479007519
0.00000078159856606857
0.00000075111420525613
0.00000071957110967835
0.00000068797703711237
0.00000065766050326755
0.00000062991987071550
0.00000060566599954004
0.00000058512951898415
0.00000056769499450957
0.00000055190332918976
0.00000053563380144194
0.00000051644327022237
0.00000049200843670186
0.00000046059378725501
0.00000042145789440587
0.00000037511679703523
0.00000032340495929807
0.00000026930849280135
0.00000021658600580886
0.00000016923215227873
0.00000013087008484890
0.00000010417532710561
0.00000009043149187597
0.00000008929767076382
0.00000009883168049855
0.00000011576912632081
0.00000013601362788304
0.00000015525687858046
0.00000016962528419192
0.00000017624669211351
0.00000017364649280766
0.00000016191382788375
0.00000014261954608233
0.00000011851008125439
0.00000009303775071531
0.00000006981178476871
0.00000005206208848524
0.00000004219894767903
0.00000004152938941454
0.00000005015983348862
0.00000006708136110807
0.00000009040458288569
0.00000011769058581062
0.00000014631550495941
0.00000017380916602737
0.00000019812099588247
0.00000021778540827434
0.00000023197983056543
0.00000024048734595353
0.00000024358946791704
0.00000024192118095365
0.00000023631999171110
0.00000022769461647561
0.00000021692926746234
0.00000020482880520575
0.00000019210058921396
0.00000017936233038606
0.00000016716240169364
0.00000015599978889409
0.00000014633433525622
0.00000013858289946419
0.00000013310214963114
0.00000013016279964266
0.00000012992240161944
0.00000013240408175153
0.00000013748706193632
0.00000014491202116535
0.00000015430108126912
0.00000016518921909502
0.00000017706182588292
0.00000018939231021197
0.00000020167413041088
0.00000021344322822907
0.00000022428910090512
0.00000023385518227933
