-81.1966
-79.243
-77.9168
-77.0545
-76.5723
-76.4268
-76.5996
-77.0912
-77.9202
-79.1266
-80.7819
-83.0122
-86.0572
-90.4565
-97.9764
-118.541
-99.6267
-96.8176
-97.9017
-105.505
-102.456
-92.0065
-86.682
-83.1135
-80.5268
-78.6154
-77.2315
-76.3004
-75.7911
-75.7072
-76.0898
-77.0378
-78.7653
-81.7959
-87.9826
-102.623
-84.6621
-79.1001
-75.8029
-73.5797
-72.0342
-70.9905
-70.3617
-70.1067
-70.2145
-70.7004
-71.6105
-73.0399
-75.1793
-78.4647
-84.2582
-110.054
-85.7245
-79.9749
-77.0914
-75.4961
-74.7389
-74.663
-75.2486
-76.5961
-79.0099
-83.4046
-95.0955
-89.3047
-81.5126
-77.8835
-75.8669
-74.8832
-74.7944
-75.7216
-78.2174
-84.7163
-90.1965
-76.8364
-71.0631
-67.2001
-64.2739
-61.9268
-59.9854
-58.3511
-56.9626
-55.7785
-54.7698
-53.9155
-53.1998
-52.6108
-52.1396
-51.7795
-51.5256
-51.3745
-51.3244
-51.3745
-51.5256
-51.7795
-52.1396
-52.6108
-53.1998
-53.9155
-54.7698
-55.7785
-56.9626
-58.3511
-59.9854
-61.9268
-64.2739
-67.2001
-71.0631
-76.8364
-90.1965
-84.7163
-78.2174
-75.7216
-74.7944
-74.8832
-75.8669
-77.8835
-81.5126
-89.3047
-95.0955
-83.4046
-79.0099
-76.5961
-75.2486
-74.663
-74.7389
-75.4961
-77.0914
-79.9749
-85.7245
-110.054
-84.2582
-78.4647
-75.1793
-73.0399
-71.6105
-70.7004
-70.2145
-70.1067
-70.3617
-70.9905
-72.0342
-73.5797
-75.8029
-79.1001
-84.6621
-102.623
-87.9826
-81.7959
-78.7653
-77.0378
-76.0898
-75.7072
-75.7911
-76.3004
-77.2315
-78.6154
-80.5268
-83.1135
-86.682
-92.0065
-102.456
-105.505
-97.9017
-96.8176
-99.6267
-118.541
-97.9764
-90.4565
-86.0572
-83.0122
-80.7819
-79.1266
-77.9202
-77.0912
-76.5996
-76.4268
-76.5723
-77.0545
-77.9168
-79.243
-81.1966
-84.1336
-89.0648
-102.402
-94.1841
-86.9494
-83.4162
-81.2875
-79.9669
-79.2171
-78.9286
-79.0526
-79.5778
-80.5232
-81.9414
-83.9324
-86.6816
-90.5611
-96.4955
-108.622
-110.744
-108.306
-115.968
-97.2428
-89.7572
-84.8165
-81.1548
-78.3056
-76.0412
-74.2336
-72.8052
-71.7073
-70.9096
-70.3957
-70.1595
-70.2059
-70.5509
-71.2258
-72.2848
-73.8213
-76.0071
-79.2049
-84.4191
-97.7745
-90.7314
-84.0053
-81.25
-80.1991
-80.4327
-82.1348
-86.5377
-111.057
-85.5119
-78.5654
-74.4662
-71.5971
-69.4614
-67.8392
-66.6143
-65.7195
-65.1145
-64.7758
-64.692
-64.8623
-65.2964
-66.0167
-67.0639
-68.509
-70.4802
-73.235
-77.4064
-85.4809
-92.4741
-80.5923
-76.2858
-73.8983
-72.4751
-71.6777
-71.3527
-71.4246
-71.8591
-72.6484
-73.8077
-75.3758
-77.4235
-80.0718
-83.5326
-88.2123
-95.0317
-106.939
-350.184
-106.939
-95.0317
-88.2123
-83.5326
-80.0718
-77.4235
-75.3758
-73.8077
-72.6484
-71.8591
-71.4246
-71.3527
-71.6777
-72.4751
-73.8983
-76.2858
-80.5923
-92.4741
-85.4809
-77.4064
-73.235
-70.4802
-68.509
-67.0639
-66.0167
-65.2964
-64.8623
-64.692
-64.7758
-65.1145
-65.7195
-66.6143
-67.8392
-69.4614
-71.5971
-74.4662
-78.5654
-85.5119
-111.057
-86.5377
-82.1348
-80.4327
-80.1991
-81.25
-84.0053
-90.7314
-97.7745
-84.4191
-79.2049
-76.0071
-73.8213
-72.2848
-71.2258
-70.5509
-70.2059
-70.1595
-70.3957
-70.9096
-71.7073
-72.8052
-74.2336
-76.0412
-78.3056
-81.1548
-84.8165
-89.7572
-97.2428
-115.968
-108.306
-110.744
-108.622
-96.4955
-90.5611
-86.6816
-83.9324
-81.9414
-80.5232
-79.5778
-79.0526
-78.9286
-79.2171
-79.9669
-81.2875
-83.4162
-86.9494
-94.1841
-102.402
-89.0648
-84.1336
-81.1966
