0.00000022048567707896
0.00000021852262740933
0.00000021259260036469
0.00000020223277326552
0.00000018734202397708
0.00000016826413196882
0.00000014580493635663
0.00000012117570578150
0.00000009586753956467
0.00000007147397594603
0.00000004948894581397
0.00000003111285896290
0.00000001709964712497
0.00000000767163327565
0.00000000251785423410
0.00000000087671007442
0.00000000168817572827
0.00000000378733684049
0.00000000610259791724
0.00000000782066410815
0.00000000848708658433
0.00000000802487827303
0.00000000667186959505
0.00000000485621908919
0.00000000304443351013
0.00000000160346904004
0.00000000071555458531
0.00000000037115828251
0.00000000044447283636
0.00000000083168702935
0.00000000161125441020
0.00000000317339912072
0.00000000626755871729
0.00000001193264131739
0.00000002130336464476
0.00000003532044374056
0.00000005440448668638
0.00000007817420210645
0.00000010529189210482
0.00000013350018820737
0.00000015987584711412
0.00000018127667217875
0.00000019490760776717
0.00000019889435140363
0.00000019273811284462
0.00000017753924616954
0.00000015591947418825
0.00000013163437066565
0.00000010893621420720
0.00000009180635678486
0.00000008321131362046
0.00000008453840131162
0.00000009533309350559
0.00000011339789027762
0.00000013523504432707
0.00000015674054709515
0.00000017400174192910
0.00000018402881359770
0.00000018526668772818
0.00000017778516118391
0.00000016311986467076
0.00000014381799777422
0.00000012281224584218
0.00000010278817777937
0.00000008571524216191
0.00000007267795131659
0.00000006407901052508
0.00000006020363324477
0.00000006205119309994
0.00000007227361162837
0.00000009602273618438
0.00000014150856363565
0.00000022010644100823
0.00000034591747334548
0.00000053477037804291
0.00000080274049859621
0.00000116433841589752
0.00000163057502733648
0.00000220713491525501
0.00000289288318980089
0.00000367889550252678
0.00000454814314967888
0.00000547589402023016
0.00000643081520965365
0.00000737669328988932
0.00000827463055712927
0.00000908553472957373
0.00000977269769126310
0.00001030425591243952
0.00001065533937339949
0.00001080974436302822
0.00001076100510132965
0.00001051278635107530
0.00001007857078169776
0.00000948066775255358
0.00000874862140405470
0.00000791714244421896
0.00000702372661194638
0.00000610615019763855
0.00000520004603094285
0.00000433675935254365
0.00000354166040002472
0.00000283304946828181
0.00000222173295955305
0.00000171128028259915
0.00000129889849298839
0.00000097679311147016
0.00000073382907947170
0.00000055727395420178
0.00000043440242134885
0.00000035376932536851
0.00000030601513124315
0.00000028414542928642
0.00000028331289857003
0.00000030021165488053
0.00000033225568801665
0.00000037674345791713
0.00000043020327631278
0.00000048806943560752
0.00000054476509687005
0.00000059417883997816
0.00000063043523719809
0.00000064879360990539
0.00000064647730018977
0.00000062324545937422
0.00000058156895863887
0.00000052635140554587
0.00000046422870054771
0.00000040256643326543
0.00000034833543794935
0.00000030706922585738
0.00000028208835863118
0.00000027412096341085
0.00000028136839985795
0.00000029997840158270
0.00000032481341836850
0.00000035035447307258
0.00000037156892471771
0.00000038459406469401
0.00000038713958903386
0.00000037857729361044
0.00000035975042086621
0.00000033258425920267
0.00000029960493949265
0.00000026347237970847
0.00000022660984911102
0.00000019097526783188
0.00000015797888739275
0.00000012851845727711
0.00000010308331945075
0.00000008187559704088
0.00000006490775985273
0.00000005205593938846
0.00000004307041707666
0.00000003756213889394
0.00000003499244100474
0.00000003469097234110
0.00000003591572703470
0.00000003795313591320
0.00000004024034404013
0.00000004248078524828
0.00000004472107028054
0.00000004736291892458
0.00000005109697966770
0.00000005676268560656
0.00000006515566660235
0.00000007681764611873
0.00000009185016994696
0.00000010979152208760
0.00000012958617027527
0.00000014966005886416
0.00000016809615495900
0.00000018288641961941
0.00000019222212774722
0.00000019477666577259
0.00000018993484514160
0.00000017793028081337
0.00000015986614970288
0.00000013761236310702
0.00000011359101868796
0.00000009047901914287
0.00000007086938650021
0.00000005693920148254
0.00000005017134349573
0.00000005116943966129
0.00000005959181292024
0.00000007421276818198
0.00000009310087013483
0.00000011388676420192
0.00000013408020424572
0.00000015138931929246
0.00000016399588731442
0.00000017074843967894
0.00000017124913171566
0.00000016582814520514
0.00000015541787092035
0.00000014135497204296
0.00000012514876176435
0.00000010825723038516
0.00000009190704534273
0.00000007698205313392
0.00000006398883357740
0.00000005309126704854
0.00000004419265486648
0.00000003703678188606
0.00000003130004288999
0.00000002665499346746
0.00000002279902540582
0.00000001945636968219
0.00000001637279819696
0.00000001332639771631
0.00000001017264572984
0.00000000692839180214
0.00000000388067398598
0.00000000168811684054
0.00000000143123493318
0.00000000456852453207
0.00000001277021787932
0.00000002762952417262
0.00000005028650829015
0.00000008103375352374
0.00000011899578760119
0.00000016197756282322
0.00000020655670194625
0.00000024845110252488
0.00000028313527907212
0.00000030661782647883
0.00000031624313518297
0.00000031135622400883
0.00000029367877231648
0.00000026728833341148
0.00000023816434545827
0.00000021334994526938
0.00000019985966468892
0.00000020352177559197
0.00000022796652276863
0.00000027395153113057
0.00000033915632097011
0.00000041849084726384
0.00000050486616674867
0.00000059028874067362
0.00000066708119783948
0.00000072901313386581
0.00000077214867943126
0.00000079527716007493
0.00000079987588419329
0.00000078964243987168
0.00000076971008166398
0.00000074570953906207
0.00000072285580908539
0.00000070521862626731
0.00000069528682641865
0.00000069387143528692
0.00000070032413643808
0.00000071299029528910
0.00000072977916428688
0.00000074872349752634
0.00000076841622941950
0.00000078824781621481
0.00000080841552289058
0.00000082972512427203
0.00000085324656476218
0.00000087991084309970
0.00000091014201077172
0.00000094360581687650
0.00000097912882725017
0.00000101480498229636
0.00000104826798749076
0.00000107707496455001
0.00000109912534139678
0.00000111303260378168
0.00000111837602518045
0.00000111578275552084
0.00000110682321252962
0.00000109373852273891
0.00000107905119154378
0.00000106513319713478
0.00000105381485535978
0.00000104611104510826
0.00000104211950645869
0.00000104111253823403
0.00000104180446571819
0.00000104274005086137
0.00000104272103283062
0.00000104117540319800
0.00000103838045851777
0.00000103547625073529
0.00000103424703317624
0.00000103669745848712
0.00000104449805624398
0.00000105841072659901
0.00000107782092100208
0.00000110049359064374
0.00000112263455337598
0.00000113928284804492
0.00000114499301761554
0.00000113470237753940
0.00000110463102841793
0.00000105304305464580
0.00000098071221742039
0.00000089098371821047
0.00000078939715558613
0.00000068292046911392
0.00000057892306106082
0.00000048407149538568
0.00000040335060138954
0.00000033939122760101
0.00000029222690594834
0.00000025951720739639
0.00000023718332340281
0.00000022032101522663
0.00000020420461355508
0.00000018518385634934
0.00000016130479950546
0.00000013254941986577
0.00000010067111292203
0.00000006868653495933
0.00000004015018663915
0.00000001837348594518
0.00000000574905360564
0.00000000330621737262
0.00000001056537385079
0.00000002569143716156
0.00000004588563199921
0.00000006791305581510
0.00000008864795305342
0.00000010553005540943
0.00000011685803159178
0.00000012189022399878
0.00000012076712830171
0.00000011430454681067
0.00000010372460453459
0.00000009039206397165
0.00000007560827820127
0.00000006049059528415
0.00000004593838314787
0.00000003266484802941
0.00000002126113020452
0.00000001225749213527
0.00000000615452378755
0.00000000341168537237
0.00000000439660173478
0.00000000931189439990
0.00000001812378411709
0.00000003051685332765
0.00000004589279915428
0.00000006341988316075
0.00000008212713710659
0.00000010102635139826
0.00000011923796700019
0.00000013609560633797
0.00000015120819836958
0.00000016446735842276
0.00000017599889317958
0.00000018606864507011
0.00000019496210423269
0.00000020286256243062
0.00000020975313019131
0.00000021536366979032
0.00000021917545608572
0.00000022048567707896
total: 0.00028924439405103911
