0.00000000043522608403
0.00000000006793965941
0.00000000002277105104
0.00000000033330821685
0.00000000104036194834
0.00000000218564436520
0.00000000380094546053
0.00000000589340034423
0.00000000842841928404
0.00000001131303488848
0.00000001438354207509
0.00000001740200333970
0.00000002006608157683
0.00000002203544842033
0.00000002297559443543
0.00000002261641248257
0.00000002081892221584
0.00000001763971215524
0.00000001338001888942
0.00000000860574686790
0.00000000412682849107
0.00000000092935686137
0.00000000006151333121
0.00000000248342710781
0.00000000890015264853
0.00000001960402164957
0.00000003435585488124
0.00000005233251097493
0.00000007216048055732
0.00000009204232400981
0.00000010996652238324
0.00000012397458654196
0.00000013244540812172
0.00000013434907275320
0.00000012942307318521
0.00000011823394435241
0.00000010210579482333
0.00000008292112833094
0.00000006282434416250
0.00000004387929150813
0.00000002774449393564
0.00000001542984065505
0.00000000718562789307
0.00000000255050560021
0.00000000055339540099
0.00000000003190056719
0.00000000000289639083
0.00000000000588232570
0.00000000034020807165
0.00000000213430325411
0.00000000721598319809
0.00000001779217643319
0.00000003598644015480
0.00000006331533677620
0.00000010020325556837
0.00000014563532372982
0.00000019702896080402
0.00000025036944387372
0.00000030060980817191
0.00000034228871472454
0.00000037028013767716
0.00000038056312188814
0.00000037089302648643
0.00000034126870692028
0.00000029412050333770
0.00000023418618809302
0.00000016808878343080
0.00000010367353247854
0.00000004919439742139
0.00000001245849483464
0.00000000003789665609
0.00000001664320169046
0.00000006472572341397
0.00000014434026477170
0.00000025326415358704
0.00000038733601340908
0.00000054095392254963
0.00000070765965084577
0.00000088073406438768
0.00000105373725832997
0.00000122094287952118
0.00000137763607301056
0.00000152026509558204
0.00000164645494316111
0.00000175490528000867
0.00000184520354240058
0.00000191758735296827
0.00000197268917744352
0.00000201129183330357
0.00000203411750806646
0.00000204166666666658
0.00000203411750806646
0.00000201129183330357
0.00000197268917744352
0.00000191758735296827
0.00000184520354240058
0.00000175490528000867
0.00000164645494316111
0.00000152026509558204
0.00000137763607301057
0.00000122094287952118
0.00000105373725832997
0.00000088073406438769
0.00000070765965084577
0.00000054095392254963
0.00000038733601340908
0.00000025326415358704
0.00000014434026477170
0.00000006472572341397
0.00000001664320169046
0.00000000003789665609
0.00000001245849483464
0.00000004919439742139
0.00000010367353247853
0.00000016808878343080
0.00000023418618809302
0.00000029412050333770
0.00000034126870692028
0.00000037089302648643
0.00000038056312188814
0.00000037028013767716
0.00000034228871472454
0.00000030060980817191
0.00000025036944387372
0.00000019702896080402
0.00000014563532372983
0.00000010020325556837
0.00000006331533677620
0.00000003598644015480
0.00000001779217643319
0.00000000721598319809
0.00000000213430325411
0.00000000034020807165
0.00000000000588232570
0.00000000000289639083
0.00000000003190056719
0.00000000055339540099
0.00000000255050560021
0.00000000718562789307
0.00000001542984065505
0.00000002774449393564
0.00000004387929150813
0.00000006282434416250
0.00000008292112833094
0.00000010210579482333
0.00000011823394435241
0.00000012942307318521
0.00000013434907275320
0.00000013244540812172
0.00000012397458654196
0.00000010996652238324
0.00000009204232400981
0.00000007216048055732
0.00000005233251097493
0.00000003435585488124
0.00000001960402164957
0.00000000890015264853
0.00000000248342710781
0.00000000006151333121
0.00000000092935686137
0.00000000412682849107
0.00000000860574686790
0.00000001338001888942
0.00000001763971215524
0.00000002081892221584
0.00000002261641248257
0.00000002297559443543
0.00000002203544842033
0.00000002006608157683
0.00000001740200333970
0.00000001438354207509
0.00000001131303488848
0.00000000842841928404
0.00000000589340034423
0.00000000380094546053
0.00000000218564436520
0.00000000104036194834
0.00000000033330821685
0.00000000002277105104
0.00000000006793965941
0.00000000043522608403
0.00000000110014706144
0.00000000204517927877
0.00000000325417269735
0.00000000470406730915
0.00000000635495013747
0.00000000813996728271
0.00000000995720619541
0.00000001166620324498
0.00000001309194816895
0.00000001403887737566
0.00000001431617709232
0.00000001377372199916
0.00000001234534426412
0.00000001009328734875
0.00000000724526696598
0.00000000421424538169
0.00000000159146909853
0.00000000010593149574
0.00000000054821429663
0.00000000366315252159
0.00000001002297275751
0.00000001989909855227
0.00000003315515888353
0.00000004918448393410
0.00000006691162840652
0.00000008486912270347
0.00000010134858538034
0.00000011461136628164
0.00000012313058626104
0.00000012582664067370
0.00000012225448965991
0.00000011270501427960
0.00000009819461552526
0.00000008033565432125
0.00000006110227814036
0.00000004252753032102
0.00000002638390577840
0.00000001390679491996
0.00000000561614067883
0.00000000127590468061
0.00000000000583790646
0.00000000053002129670
0.00000000151755642517
0.00000000194879382730
0.00000000143069713188
0.00000000039024618855
0.00000000009508053529
0.00000000248261625683
0.00000000981673246007
0.00000002422739113089
0.00000004721577298629
0.00000007921976799807
0.00000011932886673921
0.00000016521412488539
0.00000021330192943806
0.00000025917658474465
0.00000029815451303576
0.00000032594018517500
0.00000033925701782496
0.00000033634861836419
0.00000031726652160692
0.00000028389603805700
0.00000023971544342264
0.00000018932755399877
0.00000013783901046192
0.00000009018521800541
0.00000005050443527473
0.00000002165272549429
0.00000000492519726188
0.00000000001336147121
0.00000000519000787370
0.00000001767832229601
0.00000003413650475488
0.00000005117644413229
0.00000006583619359117
0.00000007593981671076
0.00000008030140338467
0.00000007875818489586
0.00000007204579268278
0.00000006155231123229
0.00000004900348551763
0.00000003613741555688
0.00000002442315743218
0.00000001486526941723
0.00000000791812200170
0.00000000351306790564
0.00000000118182747542
0.00000000024378851656
0.00000000001563553498
0.00000000000000000000
0.00000000001563553498
0.00000000024378851656
0.00000000118182747542
0.00000000351306790564
0.00000000791812200170
0.00000001486526941723
0.00000002442315743218
0.00000003613741555688
0.00000004900348551763
0.00000006155231123229
0.00000007204579268278
0.00000007875818489586
0.00000008030140338467
0.00000007593981671075
0.00000006583619359117
0.00000005117644413229
0.00000003413650475488
0.00000001767832229601
0.00000000519000787370
0.00000000001336147121
0.00000000492519726188
0.00000002165272549429
0.00000005050443527473
0.00000009018521800542
0.00000013783901046192
0.00000018932755399877
0.00000023971544342264
0.00000028389603805700
0.00000031726652160692
0.00000033634861836419
0.00000033925701782496
0.00000032594018517500
0.00000029815451303576
0.00000025917658474465
0.00000021330192943806
0.00000016521412488538
0.00000011932886673921
0.00000007921976799807
0.00000004721577298629
0.00000002422739113089
0.00000000981673246007
0.00000000248261625683
0.00000000009508053529
0.00000000039024618855
0.00000000143069713188
0.00000000194879382730
0.00000000151755642517
0.00000000053002129670
0.00000000000583790646
0.00000000127590468061
0.00000000561614067883
0.00000001390679491996
0.00000002638390577840
0.00000004252753032102
0.00000006110227814036
0.00000008033565432125
0.00000009819461552526
0.00000011270501427960
0.00000012225448965991
0.00000012582664067370
0.00000012313058626104
0.00000011461136628164
0.00000010134858538034
0.00000008486912270347
0.00000006691162840652
0.00000004918448393410
0.00000003315515888354
0.00000001989909855227
0.00000001002297275751
0.00000000366315252159
0.00000000054821429663
0.00000000010593149574
0.00000000159146909853
0.00000000421424538169
0.00000000724526696598
0.00000001009328734875
0.00000001234534426412
0.00000001377372199916
0.00000001431617709232
0.00000001403887737566
0.00000001309194816895
0.00000001166620324498
0.00000000995720619541
0.00000000813996728271
0.00000000635495013747
0.00000000470406730915
0.00000000325417269735
0.00000000204517927877
0.00000000110014706144
0.00000000043522608403