”g’·    X       Y       Z       S(•ªŒõ)
     360 0.000133.92E-060.000606 46.6383
     3650.0002326.97E-060.001086 49.3637
     3700.0004151.24E-050.001946 52.0891
     3750.000742 2.2E-050.003486 51.0323
     3800.0013680.000039 0.00645 49.9755
     3850.0022360.000064 0.01055 52.3118
     3900.004243 0.00012 0.02005 54.6482
     395 0.007650.000217 0.03621 68.7015
     400 0.014310.000396 0.06785 82.7549
     405 0.02319 0.00064  0.1102 87.1204
     410 0.04351 0.00121  0.2074  91.486
     415 0.07763 0.00218  0.3713 92.4589
     420 0.13438   0.004  0.6456 93.4318
     425 0.21477  0.0073 1.03905  90.057
     430  0.2839  0.0116  1.3856 86.6823
     435  0.3285 0.01684 1.62296 95.7736
     440 0.34828   0.023 1.74706 104.865
     445 0.34806  0.0298  1.7826 110.936
     450  0.3362   0.038 1.77211 117.008
     455  0.3187   0.048  1.7441  117.41
     460  0.2908    0.06  1.6692 117.812
     465  0.2511  0.0739  1.5281 116.336
     470 0.19536 0.09098 1.28764 114.861
     475  0.1421  0.1126  1.0419 115.392
     480 0.09564 0.13902 0.81295 115.923
     485 0.05795  0.1693  0.6162 112.367
     490 0.03201 0.20802 0.46518 108.811
     495  0.0147  0.2586  0.3533 109.082
     500  0.0049   0.323   0.272 109.354
     505  0.0024  0.4073  0.2123 108.578
     510  0.0093   0.503  0.1582 107.802
     515  0.0291  0.6082  0.1117 106.296
     520 0.06327    0.71 0.07825  104.79
     525  0.1096  0.7932 0.05725 106.239
     530  0.1655   0.862 0.04216 107.689
     535 0.22575 0.91485 0.02984 106.047
     540  0.2904   0.954  0.0203 104.405
     545  0.3597  0.9803  0.0134 104.225
     550 0.43345 0.99495 0.00875 104.046
     555 0.51205       1 0.00575 102.023
     560  0.5945   0.995  0.0039     100
     565  0.6784  0.9786 0.00275 98.1671
     570  0.7621   0.952  0.0021 96.3342
     575  0.8425  0.9154  0.0018 96.0611
     580  0.9163    0.87 0.00165  95.788
     585  0.9786  0.8163  0.0014 92.2368
     590  1.0263   0.757  0.0011 88.6856
     595  1.0567  0.6949   0.001 89.3459
     600  1.0622   0.631  0.0008 90.0062
     605  1.0456  0.5668  0.0006 89.8026
     610  1.0026   0.503 0.00034 89.5991
     615  0.9384  0.4412 0.00024 88.6489
     620 0.85445   0.381 0.00019 87.6987
     625  0.7514   0.321  0.0001 85.4936
     630  0.6424   0.265 0.00005 83.2886
     635  0.5419   0.217 0.00003 83.4939
     640  0.4479   0.175 0.00002 83.6992
     645  0.3608  0.1382 0.00001  81.863
     650  0.2835   0.107       0 80.0268
     655  0.2187  0.0816       0 80.1207
     660  0.1649   0.061       0 80.2146
     665  0.1212 0.04458       0 81.2462
     670  0.0874   0.032       0 82.2778
     675  0.0636  0.0232       0  80.281
     680 0.04677   0.017       0 78.2842
     685  0.0329 0.01192       0 74.0027
     690  0.0227 0.00821       0 69.7213
     695 0.015840.005723       0 70.6652
     7000.0113590.004102       0 71.6091
     7050.0081110.002929       0  72.979
     710 0.005790.002091       0  74.349
     7150.0041060.001484       0 67.9765
     7200.0028990.001047       0  61.604
     7250.002049 0.00074       0 65.7448
     730 0.00144 0.00052       0 69.8856
     735   0.0010.000361       0 72.4863
     740 0.000690.000249       0  75.087
     7450.0004760.000172       0 69.3398
     7500.000332 0.00012       0 63.5927
     7550.0002358.48E-05       0 55.0054
     7600.000166 0.00006       0 46.4182
     7650.0001174.24E-05       0 56.6118
     7708.31E-05 0.00003       0 66.8054
     7755.87E-052.12E-05       0 65.0941
     7804.15E-05 1.5E-05       0 63.3828
     7852.94E-051.06E-05       0 63.8434
     7902.07E-057.47E-06       0  64.304
     7951.46E-055.26E-06       0 61.8779
     8001.03E-053.70E-06       0 59.4519
     8057.22E-062.61E-06       0 55.7054
     8105.09E-061.84E-06       0  51.959
     8153.58E-061.29E-06       0 54.6998
     8202.52E-069.11E-07       0 57.4406
     8251.78E-066.42E-07       0 58.8765
     8301.25E-064.52E-07       0 60.3125
