0.00000000000000000000
0.00000149581085806068
0.00000573573179065189
0.00001219627957456846
0.00002019028616289744
0.00002892431037242570
0.00003756265259624791
0.00004529374424658332
0.00005139455622073784
0.00005528876705781235
0.00005659475697962475
0.00005516004502363362
0.00005107954843590741
0.00004469598945564247
0.00003658186441715311
0.00002750357051073465
0.00001836949179382325
0.00001016500461786770
0.00000387839550598977
0.00000042251448226903
0.00000055754364616451
0.00000482048739492783
0.00001346684930388391
0.00002642943753506928
0.00004329834931832521
0.00006332496748715747
0.00008545132725070437
0.00010836457153987654
0.00013057451763685872
0.00015051072471254165
0.00016663399959261749
0.00017755611516255074
0.00018216073228077294
0.00017971817559938263
0.00016998684818741953
0.00015329467651624504
0.00013059501874732453
0.00010349287620680212
0.00007423892516886260
0.00004569071989116468
0.00002124228514705557
0.00000472509436654457
0.00000028500447189709
0.00001224099472832262
0.00004493246259308493
0.00010256232100455539
0.00018904320511626234
0.00030785374770971957
0.00046191116331623539
0.00065346535496774085
0.00088401850362457312
0.00115427270676300450
0.00146410678955223560
0.00181258200552214470
0.00219797505001643240
0.00261783569164334780
0.00306906543043086820
0.00354801294469285750
0.00405058170224112650
0.00457234497969735000
0.00510866363637133000
0.00565480229549151280
0.00620604005675083610
0.00675777245704856440
0.00730560206669032820
0.00784541581353614610
0.00837344782899951400
0.00888632727438751390
0.00938111120754036960
0.00985530306898106320
0.01030685779187708400
0.01073417486576968900
0.01113608091083740000
0.01151180345287827900
0.01186093763840374000
0.01218340760601113000
0.01247942414783809000
0.01274944016724211000
0.01299410527947659700
0.01321422072373343100
0.01341069556879991500
0.01358450501037587900
0.01373665138362486700
0.01386812835574492000
0.01397988862440127800
0.01407281533126965500
0.01414769730672832800
0.01420520819167660200
0.01424588943425688000
0.01427013713078149900
0.01427819186373310200
0.01427013713078149900
0.01424588943425688200
0.01420520819167660600
0.01414769730672833400
0.01407281533126966200
0.01397988862440128700
0.01386812835574491100
0.01373665138362486400
0.01358450501037588400
0.01341069556879991700
0.01321422072373343700
0.01299410527947660200
0.01274944016724211000
0.01247942414783809500
0.01218340760601114600
0.01186093763840375900
0.01151180345287829100
0.01113608091083739800
0.01073417486576969100
0.01030685779187708600
0.00985530306898105800
0.00938111120754037300
0.00888632727438752950
0.00837344782899953310
0.00784541581353615480
0.00730560206669033430
0.00675777245704858780
0.00620604005675084310
0.00565480229549151880
0.00510866363637132400
0.00457234497969735520
0.00405058170224113430
0.00354801294469285190
0.00306906543043087770
0.00261783569164336480
0.00219797505001643980
0.00181258200552214680
0.00146410678955224600
0.00115427270676300730
0.00088401850362457551
0.00065346535496773901
0.00046191116331623859
0.00030785374770972120
0.00018904320511626191
0.00010256232100455670
0.00004493246259308705
0.00001224099472832357
0.00000028500447189713
0.00000472509436654444
0.00002124228514705534
0.00004569071989116485
0.00007423892516886299
0.00010349287620680234
0.00013059501874732409
0.00015329467651624445
0.00016998684818741921
0.00017971817559938276
0.00018216073228077286
0.00017755611516255096
0.00016663399959261795
0.00015051072471254127
0.00013057451763685913
0.00010836457153987667
0.00008545132725070461
0.00006332496748715847
0.00004329834931832530
0.00002642943753506953
0.00001346684930388404
0.00000482048739492801
0.00000055754364616459
0.00000042251448226900
0.00000387839550598971
0.00001016500461786745
0.00001836949179382328
0.00002750357051073476
0.00003658186441715311
0.00004469598945564229
0.00005107954843590715
0.00005516004502363353
0.00005659475697962475
0.00005528876705781235
0.00005139455622073780
0.00004529374424658332
0.00003756265259624791
0.00002892431037242570
0.00002019028616289762
0.00001219627957456878
0.00000573573179065224
0.00000149581085806068
0.00000000000000000000
0.00000156117859810538
0.00000624855377394156
0.00001387109843517658
0.00002397930594265998
0.00003588611284271919
0.00004870680425756031
0.00006141664101220023
0.00007292387770689162
0.00008215482561917384
0.00008814670608658244
0.00009014329326073511
0.00008768781331592751
0.00008070729934904878
0.00006958263768080845
0.00005519890934197091
0.00003897134019224334
0.00002284321358803053
0.00000925343698846858
0.00000107303100430103
0.00000151154668557983
0.00001399621634030914
0.00004202839404592158
0.00008902342794067543
0.00015814141411590811
0.00025211721032754824
0.00037309855644367953
0.00052250110544825449
0.00070088859561626496
0.00090788530955756479
0.00114212642425181190
0.00140124994655898120
0.00168193176711325250
0.00197996308724776060
0.00229036722296670080
0.00260755070949127450
0.00292548184959239490
0.00323788847678571160
0.00353846581883891140
0.00382108499153094870
0.00407999283391636760
0.00430999448512996670
0.00450661123724364200
0.00466620769062728310
0.00478608398070274120
0.00486453072091787720
0.00490084619797561980
0.00489531715084905170
0.00484916606812395460
0.00476446927183737500
0.00464405106660453670
0.00449135989167764610
0.00431033271621981790
0.00410525388223565310
0.00388061426161761570
0.00364097600413754030
0.00339084737163399420
0.00313457124405573570
0.00287622990895868100
0.00261956776667896790
0.00236793265036287610
0.00212423561527206930
0.00189092832635923700
0.00166999658688377530
0.00146296811299076720
0.00127093236931080460
0.00109457013035711770
0.00093419040721572717
0.00078977245987415492
0.00066101078121382211
0.00054736116710969057
0.00044808625679297235
0.00036229921891336097
0.00028900455439147992
0.00022713527297251314
0.00017558596537551512
0.00013324152923318967
0.00009900150974039847
0.00007180018277919042
0.00005062263913991738
0.00003451722489693714
0.00002260475785167423
0.00001408497686442164
0.00000824069392191794
0.00000444011209469109
0.00000213775013368846
0.00000087438000369769
0.00000027634034461860
0.00000005453934771417
0.00000000340693431314
0.00000000000000000000
0.00000000340693431314
0.00000005453934771417
0.00000027634034461860
0.00000087438000369769
0.00000213775013368888
0.00000444011209469047
0.00000824069392191794
0.00001408497686442052
0.00002260475785167423
0.00003451722489693543
0.00005062263913991946
0.00007180018277919049
0.00009900150974039833
0.00013324152923318964
0.00017558596537551490
0.00022713527297250864
0.00028900455439147976
0.00036229921891336135
0.00044808625679296574
0.00054736116710969013
0.00066101078121381560
0.00078977245987415557
0.00093419040721570224
0.00109457013035711880
0.00127093236931078550
0.00146296811299077630
0.00166999658688377660
0.00189092832635923370
0.00212423561527207970
0.00236793265036285480
0.00261956776667896400
0.00287622990895865110
0.00313457124405572060
0.00339084737163397640
0.00364097600413753860
0.00388061426161763090
0.00410525388223563930
0.00431033271621981960
0.00449135989167764090
0.00464405106660454370
0.00476446927183738630
0.00484916606812394160
0.00489531715084903610
0.00490084619797558330
0.00486453072091783640
0.00478608398070274560
0.00466620769062728750
0.00450661123724365590
0.00430999448513001180
0.00407999283391640660
0.00382108499153097040
0.00353846581883890140
0.00323788847678572280
0.00292548184959241700
0.00260755070949128180
0.00229036722296670730
0.00197996308724776760
0.00168193176711326330
0.00140124994655898550
0.00114212642425180780
0.00090788530955758127
0.00070088859561627114
0.00052250110544825698
0.00037309855644368311
0.00025211721032755181
0.00015814141411590613
0.00008902342794067410
0.00004202839404592250
0.00001399621634030961
0.00000151154668558023
0.00000107303100430088
0.00000925343698846832
0.00002284321358803085
0.00003897134019224277
0.00005519890934197122
0.00006958263768080756
0.00008070729934904864
0.00008768781331592747
0.00009014329326073520
0.00008814670608658257
0.00008215482561917414
0.00007292387770689140
0.00006141664101220058
0.00004870680425756070
0.00003588611284272026
0.00002397930594266024
0.00001387109843517678
0.00000624855377394142
0.00000156117859810545
