0.00001089532932456474
0.00001851508590337154
0.00002701096486507327
0.00003561274590794147
0.00004356414809637091
0.00005017787654255428
0.00005488551603328761
0.00005727919207186042
0.00005714239376985759
0.00005446796875483627
0.00004946203144467206
0.00004253333987329126
0.00003426855413769028
0.00002539464824007996
0.00001673056042443344
0.00000913088806873997
0.00000342501663368730
0.00000035547766152117
0.00000051952568039236
0.00000431788599956871
0.00001191434567852737
0.00002320934402642303
0.00003782998792477953
0.00005513800728862593
0.00007425612691317492
0.00009411222351607175
0.00011349952887060839
0.00013115010208877425
0.00014581789462934168
0.00015636703148242718
0.00016186048035007121
0.00016164411093349545
0.00015542127368252981
0.00014331344686735475
0.00012590318835996200
0.00010425654196487951
0.00007992313060366641
0.00005491335256056730
0.00003165330900431249
0.00001291925726679086
0.00000175443567729046
0.00000137198220770591
0.00001504832395543451
0.00004601181651872316
0.00009733154771153497
0.00017181109217486695
0.00027189163169957943
0.00039956827374400641
0.00055632265172196116
0.00074307402630528936
0.00096015018168365575
0.00120727847845811360
0.00148359653577465450
0.00178768121292445990
0.00211759387967550570
0.00247093942971512910
0.00284493611687217750
0.00323649308304267820
0.00364229239435226490
0.00405887249444064100
0.00448271020098357350
0.00491029868948234670
0.00533821930037066150
0.00576320544448380870
0.00618219734183637040
0.00659238678577150210
0.00699125155854751680
0.00737657951897909610
0.00774648272580390470
0.00809940224424254150
0.00843410450404011130
0.00874967023499587620
0.00904547710349923320
0.00932117721616823950
0.00957667065131252890
0.00981207613366673860
0.01002769989119755400
0.01022400363329262200
0.01040157247537983600
0.01056108351335166700
0.01070327562848217200
0.01082892098515221900
0.01093879857384966400
0.01103367005369018800
0.01111425806417472100
0.01118122710618053300
0.01123516703756673000
0.01127657918884927100
0.01130586507817596200
0.01132331769085430500
0.01132911470588541000
0.01132331769085430500
0.01130586507817596200
0.01127657918884926800
0.01123516703756673700
0.01118122710618053300
0.01111425806417471600
0.01103367005369018300
0.01093879857384965800
0.01082892098515222300
0.01070327562848217200
0.01056108351335166600
0.01040157247537983700
0.01022400363329262000
0.01002769989119755300
0.00981207613366675070
0.00957667065131253580
0.00932117721616824470
0.00904547710349923140
0.00874967023499587800
0.00843410450404011300
0.00809940224424253800
0.00774648272580391160
0.00737657951897911260
0.00699125155854753760
0.00659238678577151170
0.00618219734183637820
0.00576320544448382950
0.00533821930037066840
0.00491029868948235450
0.00448271020098356830
0.00405887249444064450
0.00364229239435226710
0.00323649308304267430
0.00284493611687218570
0.00247093942971514420
0.00211759387967551310
0.00178768121292446340
0.00148359653577466420
0.00120727847845811600
0.00096015018168365770
0.00074307402630528741
0.00055632265172196409
0.00039956827374400765
0.00027189163169957889
0.00017181109217486863
0.00009733154771153767
0.00004601181651872486
0.00001504832395543486
0.00000137198220770594
0.00000175443567729039
0.00001291925726679103
0.00003165330900431287
0.00005491335256056746
0.00007992313060366593
0.00010425654196487870
0.00012590318835996116
0.00014331344686735492
0.00015542127368252959
0.00016164411093349542
0.00016186048035007132
0.00015636703148242702
0.00014581789462934187
0.00013115010208877454
0.00011349952887060868
0.00009411222351607250
0.00007425612691317507
0.00005513800728862603
0.00003782998792477984
0.00002320934402642334
0.00001191434567852782
0.00000431788599956878
0.00000051952568039239
0.00000035547766152113
0.00000342501663368737
0.00000913088806874009
0.00001673056042443344
0.00002539464824007981
0.00003426855413768996
0.00004253333987329092
0.00004946203144467206
0.00005446796875483627
0.00005714239376985765
0.00005727919207186042
0.00005488551603328761
0.00005017787654255428
0.00004356414809637106
0.00003561274590794184
0.00002701096486507378
0.00001851508590337154
0.00001089532932456482
0.00000487904729933420
0.00000109568665754315
0.00000002701232810044
0.00000196586240270356
0.00000698631532900986
0.00001492760228889618
0.00002539341394413867
0.00003776745731084665
0.00005124524844727503
0.00006488121824149111
0.00007764930469306287
0.00008851435161346510
0.00009651087774052277
0.00010082516784021153
0.00010087621055445190
0.00009639080185477913
0.00008746817358409227
0.00007462980697335712
0.00005885065003171764
0.00004156875843195048
0.00002467138907911205
0.00001045674603175610
0.00000157184899350891
0.00000092829472572867
0.00001159893559372014
0.00003669963076581655
0.00007926116288539849
0.00014209709486434687
0.00022767372093192648
0.00033798831460438459
0.00047446158585007101
0.00063784964396506130
0.00082817985588918804
0.00104471384472731230
0.00128593955777015280
0.00154959292508606960
0.00183270821117435230
0.00213169481458656480
0.00244243706869235780
0.00276041260442101870
0.00308082410123387440
0.00339873880644011830
0.00370923005702175970
0.00400751518547784110
0.00428908460779640810
0.00454981753899371540
0.00478608061018696940
0.00499480661431747200
0.00517355162595059540
0.00532052976567806010
0.00543462585780515270
0.00551538711506878360
0.00556299573954406170
0.00557822492906618300
0.00556238120903843490
0.00551723626695772850
0.00544495155770091060
0.00534799888617722850
0.00522907998132699210
0.00509104777690246300
0.00493683173756253450
0.00476936914147680760
0.00459154377954212440
0.00440613308055400050
0.00421576424179569920
0.00402287955191676230
0.00382971074969532320
0.00363826197599332160
0.00345030065057606900
0.00326735544056295500
0.00309072038025706360
0.00292146414782486860
0.00276044349602010130
0.00260831986414847500
0.00246557825863781080
0.00233254757187883150
0.00220942160587081800
0.00209628017182957910
0.00199310974340933910
0.00189982324470362270
0.00181627865092406590
0.00174229616682770070
0.00167767382372894900
0.00162220139928205660
0.00157567261484572360
0.00153789560342846500
0.00150870166769553780
0.00148795236339012380
0.00147554495012548920
0.00147141625036117880
0.00147554495012548990
0.00148795236339012380
0.00150870166769553850
0.00153789560342846500
0.00157567261484572660
0.00162220139928204580
0.00167767382372894980
0.00174229616682767860
0.00181627865092406700
0.00189982324470361170
0.00199310974340935040
0.00209628017182958080
0.00220942160587080670
0.00233254757187883020
0.00246557825863779950
0.00260831986414847070
0.00276044349602009960
0.00292146414782486950
0.00309072038025704930
0.00326735544056295240
0.00345030065057605340
0.00363826197599332460
0.00382971074969530240
0.00402287955191675370
0.00421576424179568190
0.00440613308055401100
0.00459154377954212180
0.00476936914147680760
0.00493683173756253360
0.00509104777690245080
0.00522907998132697470
0.00534799888617722590
0.00544495155770088890
0.00551723626695773020
0.00556238120903841760
0.00557822492906615960
0.00556299573954403570
0.00551538711506871680
0.00543462585780515870
0.00532052976567803320
0.00517355162595092410
0.00499480661431739650
0.00478608061018692510
0.00454981753899368070
0.00428908460779641940
0.00400751518547787150
0.00370923005702176320
0.00339873880644012880
0.00308082410123388130
0.00276041260442103300
0.00244243706869235040
0.00213169481458657220
0.00183270821117436050
0.00154959292508608910
0.00128593955777016130
0.00104471384472731940
0.00082817985588919368
0.00063784964396506542
0.00047446158585007328
0.00033798831460438286
0.00022767372093193298
0.00014209709486434884
0.00007926116288539971
0.00003669963076581744
0.00001159893559372058
0.00000092829472572855
0.00000157184899350903
0.00001045674603175582
0.00002467138907911147
0.00004156875843194907
0.00005885065003171731
0.00007462980697335653
0.00008746817358409233
0.00009639080185477899
0.00010087621055445195
0.00010082516784021178
0.00009651087774052300
0.00008851435161346537
0.00007764930469306380
0.00006488121824149144
0.00005124524844727547
0.00003776745731084623
0.00002539341394413905
0.00001492760228889651
0.00000698631532901039
0.00000196586240270364
0.00000002701232810045
0.00000109568665754320
0.00000487904729933409
