0.00004431789827984203
0.00005083176755007335
0.00005564348374254934
0.00005839096981358061
0.00005886628926632358
0.00005702916700083855
0.00005301026006845111
0.00004710396950369475
0.00003975115095352077
0.00003151263438498674
0.00002303497473147534
0.00001501030014099551
0.00000813247911537040
0.00000305207245204230
0.00000033265541075082
0.00000041108053962209
0.00000356409925512004
0.00000988347478102673
0.00001926131184686885
0.00003138681805637992
0.00004575512281792051
0.00006168814215671344
0.00007836682529173751
0.00009487348712569915
0.00011024235515510988
0.00012351597282493358
0.00013380473267996185
0.00014034658416077283
0.00014256388709650729
0.00014011446853891830
0.00013293418390476319
0.00012126867059441488
0.00010569249204603341
0.00008711447417196212
0.00006676870060902829
0.00004619132134335403
0.00002718400336910387
0.00001176547596624331
0.00000211316452220487
0.00000049733878723830
0.00000921050433940110
0.00003049492816608222
0.00006647120737185781
0.00011907066903903225
0.00018997414164069367
0.00028055928292400909
0.00039185820948064548
0.00052452667608155520
0.00067882552641084816
0.00085461460884159591
0.00105135884714839690
0.00126814569905721620
0.00150371284351391470
0.00175648462379601070
0.00202461554616312430
0.00230603899554712550
0.00259851927893405300
0.00289970513751260270
0.00320718297088813490
0.00351852817871742970
0.00383135323347181960
0.00414335133849058450
0.00445233478401691790
0.00475626737736851640
0.00505329058007952370
0.00534174322489917000
0.00562017490117486420
0.00588735328279579080
0.00614226582508220490
0.00638411637432618330
0.00661231731643501920
0.00682647794108839130
0.00702638971794164720
0.00721200917547231220
0.00738343904537605570
0.00754090829051233620
0.00768475157680717680
0.00781538868355930760
0.00793330427621670790
0.00803902839436808000
0.00813311793836142030
0.00821613937297984740
0.00828865280776692330
0.00835119756215008110
0.00840427928021419450
0.00844835862513913790
0.00848384155686519700
0.00851107117810044440
0.00853032112268855940
0.00854179045576386460
0.00854559967540577740
0.00854179045576386460
0.00853032112268855940
0.00851107117810044610
0.00848384155686520040
0.00844835862513913970
0.00840427928021419450
0.00835119756215008110
0.00828865280776692680
0.00821613937297984400
0.00813311793836142200
0.00803902839436807650
0.00793330427621671140
0.00781538868355930760
0.00768475157680717680
0.00754090829051234230
0.00738343904537606090
0.00721200917547231560
0.00702638971794164540
0.00682647794108839220
0.00661231731643502000
0.00638411637432618070
0.00614226582508221090
0.00588735328279579690
0.00562017490117487290
0.00534174322489917260
0.00505329058007952890
0.00475626737736852940
0.00445233478401692220
0.00414335133849059060
0.00383135323347181520
0.00351852817871743360
0.00320718297088813880
0.00289970513751259920
0.00259851927893406040
0.00230603899554713810
0.00202461554616312950
0.00175648462379601350
0.00150371284351392270
0.00126814569905721840
0.00105135884714839900
0.00085461460884159429
0.00067882552641085098
0.00052452667608155715
0.00039185820948064456
0.00028055928292401066
0.00018997414164069706
0.00011907066903903484
0.00006647120737185888
0.00003049492816608258
0.00000921050433940127
0.00000049733878723826
0.00000211316452220497
0.00001176547596624336
0.00002718400336910345
0.00004619132134335322
0.00006676870060902753
0.00008711447417196231
0.00010569249204603318
0.00012126867059441460
0.00013293418390476265
0.00014011446853891840
0.00014256388709650726
0.00014034658416077286
0.00013380473267996196
0.00012351597282493404
0.00011024235515510994
0.00009487348712569941
0.00007836682529173772
0.00006168814215671383
0.00004575512281792110
0.00003138681805638016
0.00001926131184686905
0.00000988347478102699
0.00000356409925511995
0.00000041108053962208
0.00000033265541075082
0.00000305207245204215
0.00000813247911537012
0.00001501030014099522
0.00002303497473147534
0.00003151263438498674
0.00003975115095352102
0.00004710396950369483
0.00005301026006845111
0.00005702916700083855
0.00005886628926632355
0.00005839096981358067
0.00005564348374254954
0.00005083176755007335
0.00004431789827984220
0.00003659508486806598
0.00002825644828370593
0.00001995731809496617
0.00001237313956278635
0.00000615534957594929
0.00000188772827778219
0.00000004575750062492
0.00000096141380990437
0.00000479559534083103
0.00001152003569126658
0.00002091010858500885
0.00003254939288205142
0.00004584627263759243
0.00006006221911850837
0.00007435077163760928
0.00008780563388780582
0.00009951576414792175
0.00010862489143230000
0.00011439256189216084
0.00011625363176509008
0.00011387308933084520
0.00010719321512177714
0.00009647037480328399
0.00008229917149875834
0.00006562224410120888
0.00004772465781683030
0.00003021255910563679
0.00001497652125858993
0.00000414074891192184
0.00000000000000000000
0.00000494668490127784
0.00002139108279475653
0.00005167794947641352
0.00009800296254184853
0.00016233245179738781
0.00024632969760125139
0.00035129075950110234
0.00047809234236628967
0.00062715364447619895
0.00079841349402469159
0.00099132340244581355
0.00120485648074763120
0.00143753151306166170
0.00168745089084017400
0.00195235060746979240
0.00222966011616971240
0.00251656957658749800
0.00281010186296496440
0.00310718667762894350
0.00340473420004325230
0.00369970589058066890
0.00398918034224801310
0.00427041241276174870
0.00454088425217275170
0.00479834724615075740
0.00504085430165119970
0.00526678229167875080
0.00547484483375649480
0.00566409589035630000
0.00583392494035558150
0.00598404467354568710
0.00611447230366364300
0.00622550568069181640
0.00631769541414392480
0.00639181420154087860
0.00644882449750774040
0.00648984556692251080
0.00651612084867771430
0.00652898642304482880
0.00652984123303678840
0.00652011956538791230
0.00650126615566294210
0.00647471414931205610
0.00644186602979433810
0.00640407751871226430
0.00636264436268440830
0.00631879184803069670
0.00627366682704878170
0.00622833199795571210
0.00618376215320976670
0.00614084209639056880
0.00610036592439696520
0.00606303737767272760
0.00602947097478027240
0.00600019366731497410
0.00597564677546315230
0.00595618799222480490
0.00594209327443316090
0.00593355847041044950
0.00593070056680202250
0.00593355847041045130
0.00594209327443316090
0.00595618799222480490
0.00597564677546315230
0.00600019366731497410
0.00602947097478027500
0.00606303737767272930
0.00610036592439694440
0.00614084209639056880
0.00618376215320974240
0.00622833199795570870
0.00627366682704878780
0.00631879184803070020
0.00636264436268440480
0.00640407751871223140
0.00644186602979435110
0.00647471414931205610
0.00650126615566294550
0.00652011956538789150
0.00652984123303678760
0.00652898642304480720
0.00651612084867771690
0.00648984556692252820
0.00644882449750774390
0.00639181420154092020
0.00631769541414394990
0.00622550568069185450
0.00611447230366389190
0.00598404467354401660
0.00583392494035545740
0.00566409589035633560
0.00547484483375657200
0.00526678229167871270
0.00504085430165120920
0.00479834724615074960
0.00454088425217274130
0.00427041241276176690
0.00398918034224802350
0.00369970589058069880
0.00340473420004326490
0.00310718667762895080
0.00281010186296496050
0.00251656957658751190
0.00222966011616971930
0.00195235060746981060
0.00168745089084019570
0.00143753151306166250
0.00120485648074765000
0.00099132340244581442
0.00079841349402469646
0.00062715364447619613
0.00047809234236629244
0.00035129075950110700
0.00024632969760125947
0.00016233245179739087
0.00009800296254185003
0.00005167794947641407
0.00002139108279475687
0.00000494668490127784
0.00000000000000000000
0.00000414074891192130
0.00001497652125858957
0.00003021255910563658
0.00004772465781682954
0.00006562224410120843
0.00008229917149875882
0.00009647037480328458
0.00010719321512177696
0.00011387308933084526
0.00011625363176509004
0.00011439256189216105
0.00010862489143230025
0.00009951576414792145
0.00008780563388780606
0.00007435077163760903
0.00006006221911850951
0.00004584627263759277
0.00003254939288205189
0.00002091010858500966
0.00001152003569126688
0.00000479559534083116
0.00000096141380990428
0.00000004575750062491
0.00000188772827778211
0.00000615534957594884
0.00001237313956278619
0.00001995731809496597
0.00002825644828370614
0.00003659508486806577
