0.00007496370376429771
0.00007366003530043919
0.00006983447788532513
0.00006373865548398056
0.00005577644489309900
0.00004648154869035042
0.00003648769386923370
0.00002649296369533754
0.00001722007808548772
0.00000937466047596597
0.00000360365544649105
0.00000045608425495789
0.00000034824249884531
0.00000353525780770321
0.00001009064314460317
0.00001989511502047504
0.00003263551205569130
0.00004781416783619623
0.00006476858563775598
0.00008270075575701775
0.00010071497381568171
0.00011786258464071329
0.00013319171325414667
0.00014579977093686378
0.00015488635471619874
0.00015980410221318674
0.00016010512403035287
0.00015558081018099369
0.00014629308692225171
0.00013259557171723367
0.00011514351814211113
0.00009489193691914437
0.00007308179903473862
0.00005121474623147919
0.00003101722763567647
0.00001439542534437710
0.00000338270601774612
0.00000008162364562029
0.00000660268936618271
0.00002500221159174265
0.00005722149333571201
0.00010502955842839962
0.00016997137393124324
0.00025332325619433670
0.00035605680938335894
0.00047881236662698605
0.00062188250473922300
0.00078520580302560660
0.00096837063299346068
0.00117062841473819400
0.00139091547046572670
0.00162788235589233160
0.00187992936252492480
0.00214524676097309790
0.00242185829708132160
0.00270766645544191170
0.00300049806291526190
0.00329814891037174010
0.00359842621487253210
0.00389918791708430320
0.00419837799986700740
0.00449405721401668380
0.00478442879717997420
0.00506785896417050270
0.00534289212481675600
0.00560826094401344760
0.00586289149427775880
0.00610590386171738430
0.00633660865112288440
0.00655449989530233930
0.00675924490916647320
0.00695067164260526790
0.00712875408059080330
0.00729359621726818200
0.00744541509629491080
0.00758452336559767730
0.00771131174413918970
0.00782623174408761740
0.00792977893650211910
0.00802247699446585920
0.00810486269629851450
0.00817747202445395780
0.00824082745396664990
0.00829542648850916180
0.00834173147260193830
0.00838016068533631660
0.00841108070395713700
0.00843480001443365140
0.00845156384020010440
0.00846155015892486460
0.00846486654835949810
0.00846155015892486630
0.00845156384020010440
0.00843480001443365320
0.00841108070395714220
0.00838016068533631830
0.00834173147260194350
0.00829542648850916000
0.00824082745396665160
0.00817747202445395440
0.00810486269629851450
0.00802247699446586100
0.00792977893650211910
0.00782623174408762080
0.00771131174413919060
0.00758452336559768330
0.00744541509629491770
0.00729359621726818810
0.00712875408059080160
0.00695067164260527220
0.00675924490916647670
0.00655449989530233840
0.00633660865112288700
0.00610590386171739120
0.00586289149427776920
0.00560826094401345280
0.00534289212481676120
0.00506785896417051660
0.00478442879717997770
0.00449405721401668550
0.00419837799986700480
0.00389918791708430620
0.00359842621487253430
0.00329814891037173710
0.00300049806291526790
0.00270766645544192340
0.00242185829708132770
0.00214524676097310050
0.00187992936252493410
0.00162788235589233270
0.00139091547046572970
0.00117062841473819210
0.00096837063299346339
0.00078520580302560801
0.00062188250473922137
0.00047881236662698795
0.00035605680938336420
0.00025332325619434066
0.00016997137393124460
0.00010502955842840011
0.00005722149333571248
0.00002500221159174254
0.00000660268936618246
0.00000008162364562028
0.00000338270601774600
0.00001439542534437655
0.00003101722763567574
0.00005121474623147933
0.00007308179903473837
0.00009489193691914404
0.00011514351814211022
0.00013259557171723386
0.00014629308692225146
0.00015558081018099361
0.00016010512403035281
0.00015980410221318682
0.00015488635471619876
0.00014579977093686386
0.00013319171325414683
0.00011786258464071391
0.00010071497381568244
0.00008270075575701783
0.00006476858563775620
0.00004781416783619678
0.00003263551205569102
0.00001989511502047490
0.00001009064314460317
0.00000353525780770334
0.00000034824249884536
0.00000045608425495784
0.00000360365544649105
0.00000937466047596597
0.00001722007808548795
0.00002649296369533754
0.00003648769386923370
0.00004648154869035042
0.00005577644489309890
0.00006373865548398029
0.00006983447788532481
0.00007366003530043919
0.00007496370376429771
0.00007366003530043926
0.00006983447788532495
0.00006373865548398045
0.00005577644489309914
0.00004648154869035060
0.00003648769386923382
0.00002649296369533733
0.00001722007808548775
0.00000937466047596618
0.00000360365544649110
0.00000045608425495796
0.00000034824249884523
0.00000353525780770319
0.00001009064314460292
0.00001989511502047515
0.00003263551205569133
0.00004781416783619630
0.00006476858563775571
0.00008270075575701742
0.00010071497381568111
0.00011786258464071265
0.00013319171325414640
0.00014579977093686359
0.00015488635471619895
0.00015980410221318666
0.00016010512403035303
0.00015558081018099361
0.00014629308692225190
0.00013259557171723402
0.00011514351814211112
0.00009489193691914430
0.00007308179903473900
0.00005121474623148012
0.00003101722763567740
0.00001439542534437703
0.00000338270601774613
0.00000008162364562025
0.00000660268936618279
0.00002500221159174323
0.00005722149333571176
0.00010502955842839779
0.00016997137393124062
0.00025332325619433453
0.00035605680938335536
0.00047881236662698659
0.00062188250473921606
0.00078520580302560790
0.00096837063299346122
0.00117062841473819230
0.00139091547046572430
0.00162788235589232690
0.00187992936252491290
0.00214524676097309480
0.00242185829708132380
0.00270766645544190560
0.00300049806291524880
0.00329814891037173840
0.00359842621487251310
0.00389918791708430360
0.00419837799986699960
0.00449405721401668810
0.00478442879717998290
0.00506785896417049580
0.00534289212481675340
0.00560826094401344150
0.00586289149427776920
0.00610590386171738170
0.00633660865112287490
0.00655449989530231070
0.00675924490916648970
0.00695067164260528000
0.00712875408059077120
0.00729359621726820720
0.00744541509629493420
0.00758452336559768330
0.00771131174413913070
0.00782623174408767980
0.00792977893650215720
0.00802247699446595980
0.00810486269629862900
0.00817747202445395610
0.00824082745396655620
0.00829542648850928670
0.00834173147260177180
0.00838016068533631140
0.00841108070395675190
0.00843480001443434710
0.00845156384019697150
0.00846155015891859010
0.00846486687972968810
0.00846155015891858830
0.00845156384019697150
0.00843480001443434360
0.00841108070395675360
0.00838016068533607020
0.00834173147260177350
0.00829542648850928670
0.00824082745396665680
0.00817747202445395780
0.00810486269629845730
0.00802247699446590610
0.00792977893650216250
0.00782623174408768330
0.00771131174413913070
0.00758452336559768680
0.00744541509629493510
0.00729359621726820630
0.00712875408059077550
0.00695067164260530260
0.00675924490916648790
0.00655449989530235060
0.00633660865112287840
0.00610590386171740600
0.00586289149427778480
0.00560826094401344410
0.00534289212481675080
0.00506785896417049410
0.00478442879717999590
0.00449405721401667600
0.00419837799986701870
0.00389918791708430710
0.00359842621487253910
0.00329814891037174490
0.00300049806291527360
0.00270766645544192170
0.00242185829708131030
0.00214524676097310180
0.00187992936252491900
0.00162788235589234510
0.00139091547046573010
0.00117062841473819770
0.00096837063299346068
0.00078520580302561625
0.00062188250473922083
0.00047881236662699472
0.00035605680938336534
0.00025332325619433632
0.00016997137393124577
0.00010502955842839876
0.00005722149333571245
0.00002500221159174242
0.00000660268936618319
0.00000008162364562029
0.00000338270601774565
0.00001439542534437657
0.00003101722763567679
0.00005121474623147947
0.00007308179903473837
0.00009489193691914396
0.00011514351814211132
0.00013259557171723294
0.00014629308692225173
0.00015558081018099369
0.00016010512403035279
0.00015980410221318682
0.00015488635471619874
0.00014579977093686340
0.00013319171325414697
0.00011786258464071295
0.00010071497381568274
0.00008270075575701791
0.00006476858563775616
0.00004781416783619605
0.00003263551205569173
0.00001989511502047485
0.00001009064314460358
0.00000353525780770332
0.00000034824249884527
0.00000045608425495785
0.00000360365544649098
0.00000937466047596591
0.00001722007808548799
0.00002649296369533707
0.00003648769386923355
0.00004648154869034996
0.00005577644489309895
0.00006373865548398028
0.00006983447788532507
0.00007366003530043919
