0.00008817118067771393
0.00007971845793932258
0.00006922790996647689
0.00005735175164075510
0.00004484027877244443
0.00003250216389296600
0.00002116122769301358
0.00001161178582734037
0.00000457476139785177
0.00000065674373775024
0.00000031406370890064
0.00000382374862967982
0.00001126292459057675
0.00002249786280212454
0.00003718343588187982
0.00005477327870958844
0.00007454045788953015
0.00009560796637939009
0.00011698789805913118
0.00013762774258619046
0.00015646189349461189
0.00017246619884132321
0.00018471321662192765
0.00019242577495990677
0.00019502648298591895
0.00019218099040554750
0.00018383304487705755
0.00017022973453938959
0.00015193571219151929
0.00012983565821148444
0.00010512472946784479
0.00007928723819102779
0.00005406428504289276
0.00003141151268401350
0.00001344853055983816
0.00000240187227047645
0.00000054357165666796
0.00001012757507183607
0.00003332624243957679
0.00007216913057634252
0.00012848610528424693
0.00020385660418379456
0.00029956658363429001
0.00041657434617279248
0.00055548607686457157
0.00071654153539915839
0.00089960997279648865
0.00110419598300299310
0.00132945467424424910
0.00157421526400586850
0.00183701197329171950
0.00211612092565278660
0.00240960164663355480
0.00271534170910895260
0.00303110307626742880
0.00335456875135107430
0.00368338844461588810
0.00401522210507104710
0.00434778032847971730
0.00467886083476918000
0.00500638039858818970
0.00532840180809141060
0.00564315561188879090
0.00594905658638417850
0.00624471501063029060
0.00652894296985288750
0.00680075601975169660
0.00705937063058970340
0.00730419789304325230
0.00753483400783690540
0.00775104810011020130
0.00795276789960019760
0.00814006381179250590
0.00831313187612274520
0.00847227606807933980
0.00861789035557634570
0.00875044086895866890
0.00887044849094392910
0.00897847211985359530
0.00907509280845993430
0.00916089893313666750
0.00923647250486481220
0.00930237669579445090
0.00935914462297612880
0.00940726940476234110
0.00944719548521342520
0.00947931120740111260
0.00950394260740329390
0.00952134839651324130
0.00953171609913437340
0.00953515897330842880
0.00953171609913437340
0.00952134839651324130
0.00950394260740329390
0.00947931120740111260
0.00944719548521343040
0.00940726940476234110
0.00935914462297612710
0.00930237669579444920
0.00923647250486481220
0.00916089893313666580
0.00907509280845993600
0.00897847211985359530
0.00887044849094393090
0.00875044086895866890
0.00861789035557635270
0.00847227606807935200
0.00831313187612274690
0.00814006381179250590
0.00795276789960019760
0.00775104810011020740
0.00753483400783690280
0.00730419789304325750
0.00705937063058970950
0.00680075601975170620
0.00652894296985289100
0.00624471501063029490
0.00594905658638419150
0.00564315561188879350
0.00532840180809141320
0.00500638039858818540
0.00467886083476918600
0.00434778032847972070
0.00401522210507104270
0.00368338844461589500
0.00335456875135108820
0.00303110307626743320
0.00271534170910895470
0.00240960164663356610
0.00211612092565279010
0.00183701197329172250
0.00157421526400586590
0.00132945467424425340
0.00110419598300299530
0.00089960997279648659
0.00071654153539916121
0.00055548607686457796
0.00041657434617279769
0.00029956658363429196
0.00020385660418379531
0.00012848610528424750
0.00007216913057634233
0.00003332624243957615
0.00001012757507183600
0.00000054357165666801
0.00000240187227047616
0.00001344853055983756
0.00003141151268401357
0.00005406428504289234
0.00007928723819102741
0.00010512472946784373
0.00012983565821148485
0.00015193571219151894
0.00017022973453938931
0.00018383304487705731
0.00019218099040554717
0.00019502648298591897
0.00019242577495990688
0.00018471321662192776
0.00017246619884132356
0.00015646189349461263
0.00013762774258619084
0.00011698789805913157
0.00009560796637939068
0.00007454045788952976
0.00005477327870958833
0.00003718343588187982
0.00002249786280212490
0.00001126292459057707
0.00000382374862968001
0.00000031406370890064
0.00000065674373775024
0.00000457476139785193
0.00001161178582734042
0.00002116122769301358
0.00003250216389296600
0.00004484027877244425
0.00005735175164075468
0.00006922790996647639
0.00007971845793932258
0.00008817118067771379
0.00009406621039814840
0.00009704321338324497
0.00009692020291861519
0.00009370308769317170
0.00008758550917757586
0.00007893898520984300
0.00006829383955364892
0.00005631183768588355
0.00004375184753673380
0.00003143018212207444
0.00002017754331069907
0.00001079465997943202
0.00000400879103532646
0.00000043324006922006
0.00000053190419562782
0.00000459066004547204
0.00001269708454143770
0.00002472963077293495
0.00004035694732250015
0.00005904756286887560
0.00008008967871493567
0.00010262034272660281
0.00012566284131237750
0.00014817076230437743
0.00016907686912287040
0.00018734470009119689
0.00020202067659631871
0.00021228447551176248
0.00021749549536247248
0.00021723341747333170
0.00021133112336822071
0.00019989856430338750
0.00018333657091294236
0.00016234002092857194
0.00013789022984138277
0.00011123687199253641
0.00008387015758516131
0.00005748436609700381
0.00003393415294584311
0.00001518529193101918
0.00000326168283562549
0.00000019053771932454
0.00000794766113855078
0.00002840466300659263
0.00006327979573567946
0.00011409390023250603
0.00018213269092414298
0.00026841632228560841
0.00037367687286755198
0.00049834407188624496
0.00064253929141194245
0.00080607754593573085
0.00098847699050952907
0.00118897519637808340
0.00140655131428236040
0.00163995311321259570
0.00188772780682484720
0.00214825554941978780
0.00241978449495392410
0.00270046636122709240
0.00298839152135770870
0.00328162274946383960
0.00357822687040597900
0.00387630369787346710
0.00417401178473973420
0.00446959064879432970
0.00476137927076954360
0.00504783078598928900
0.00532752340286630090
0.00559916767869299110
0.00586161036441412970
0.00611383509485957220
0.00635496024946578290
0.00658423434163910370
0.00680102931386672870
0.00700483212206477920
0.00719523498826950180
0.00737192468753389810
0.00753467121470388890
0.00768331615144998530
0.00781776102522183100
0.00793795592118937480
0.00804388857702787940
0.00813557415965635020
0.00821304589356676610
0.00827634668276405230
0.00832552184292831810
0.00836061303735614880
0.00838165348949552680
0.00838866452626435900
0.00838165348949552680
0.00836061303735614880
0.00832552184292832160
0.00827634668276405230
0.00821304589356674180
0.00813557415965636760
0.00804388857702787940
0.00793795592118939560
0.00781776102522183100
0.00768331615145000700
0.00753467121470388720
0.00737192468753390330
0.00719523498826951660
0.00700483212206477830
0.00680102931386672960
0.00658423434163910550
0.00635496024946578110
0.00611383509485957310
0.00586161036441415050
0.00559916767869298850
0.00532752340286632860
0.00504783078598929070
0.00476137927076958080
0.00446959064879433930
0.00417401178473974280
0.00387630369787345630
0.00357822687040597640
0.00328162274946384000
0.00298839152135769870
0.00270046636122711150
0.00241978449495392500
0.00214825554941981210
0.00188772780682485590
0.00163995311321261500
0.00140655131428236640
0.00118897519637807120
0.00098847699050953384
0.00080607754593573519
0.00064253929141195340
0.00049834407188624832
0.00037367687286755615
0.00026841632228560630
0.00018213269092414737
0.00011409390023250724
0.00006327979573568201
0.00002840466300659466
0.00000794766113855104
0.00000019053771932476
0.00000326168283562535
0.00001518529193101891
0.00003393415294584345
0.00005748436609700341
0.00008387015758516084
0.00011123687199253406
0.00013789022984138201
0.00016234002092857058
0.00018333657091294209
0.00019989856430338747
0.00021133112336822065
0.00021723341747333173
0.00021749549536247283
0.00021228447551176264
0.00020202067659631895
0.00018734470009119724
0.00016907686912287078
0.00014817076230437708
0.00012566284131237685
0.00010262034272660343
0.00008008967871493600
0.00005904756286887733
0.00004035694732250065
0.00002472963077293552
0.00001269708454143755
0.00000459066004547222
0.00000053190419562777
0.00000043324006921991
0.00000400879103532631
0.00001079465997943179
0.00002017754331069836
0.00003143018212207428
0.00004375184753673345
0.00005631183768588389
0.00006829383955364857
0.00007893898520984277
0.00008758550917757538
0.00009370308769317163
0.00009692020291861514
0.00009704321338324495
0.00009406621039814851
