0.00001433561094443606
0.00000756761373618414
0.00000570112406019221
0.00000875405576315566
0.00001632516138096467
0.00002763293075877687
0.00004158337113744928
0.00005686184645615329
0.00007204256911718510
0.00008570812900013917
0.00009657068169989328
0.00010358614989046614
0.00010605304655229707
0.00010368831221404550
0.00009667385083092739
0.00008566920269727625
0.00007178792970854344
0.00005653769966490338
0.00004172660568773177
0.00002934078569822533
0.00002140074295850268
0.00001980573566558164
0.00002617703229430382
0.00004171156931219900
0.00006705748012124621
0.00010222201575629071
0.00014652053819029815
0.00019857260332959055
0.00025634782069623301
0.00031726043219784000
0.00037830772787236826
0.00043624389910608652
0.00048777810937171987
0.00052978376833946142
0.00055950543120625253
0.00057475043960811506
0.00057405420726090251
0.00055681059510208624
0.00052336167562158414
0.00047504390733618879
0.00041418998275838739
0.00034408721895632521
0.00026889439551255342
0.00019351967359158107
0.00012346302145122801
0.00006462777107522734
0.00002310772372665256
0.00000495854005267359
0.00001596464435690213
0.00006141497651909041
0.00014590199155290444
0.00027315778489894434
0.00044593882503248796
0.00066596659379618121
0.00093392595512619195
0.00124951709608349020
0.00161155136501136240
0.00201807717511316280
0.00246652001091264170
0.00295382075732747400
0.00347655893218021040
0.00403105143477859320
0.00461342236732588310
0.00521964449786819620
0.00584555724636953800
0.00648686912750085640
0.00713915408709978480
0.00779785111594362940
0.00845827513877509850
0.00911564483527379890
0.00976513019334193650
0.01040191964949939900
0.01102130399225521700
0.01161877204928725400
0.01219011170121990000
0.01273150902295013300
0.01323963833099505200
0.01371173653837490800
0.01414565637292728200
0.01453989455981497200
0.01489359284843598900
0.01520651161814654300
0.01547897757401496400
0.01571180861056055100
0.01590622017575857000
0.01606371834559082400
0.01618598529934331100
0.01627476298653983400
0.01633174055049937300
0.01635845059651093400
0.01635617874955604100
0.01632589021829873600
0.01626817633365758000
0.01618322330208804200
0.01607080471744018100
0.01593029869467070500
0.01576072978519916700
0.01556083505647119800
0.01532915281785870300
0.01506413141897967200
0.01476425433534186500
0.01442817643647108200
0.01405486500360110900
0.01364373788017042600
0.01319479029121817600
0.01270870156488142000
0.01218691341802941600
0.01163167275459738500
0.01104603409366550700
0.01043381968742792200
0.00979953885743609610
0.00914827169495146740
0.00848552557948136640
0.00781707549581842940
0.00714880046863703490
0.00648652832620110010
0.00583589939911500780
0.00520225683677698250
0.00459056737868100610
0.00400537220078717000
0.00345076348420840070
0.00293037920055748070
0.00244740671725390300
0.00200458543738127800
0.00160419981459960360
0.00124805652327205520
0.00093744295205370597
0.00067306806320285341
0.00045499052894584183
0.00028254245801079758
0.00015425956472767531
0.00006783000360093718
0.00002007408886947431
0.00000696564833448061
0.00002370285790123582
0.00006483224692218794
0.00012442449083008335
0.00019629510556852520
0.00027425783712179796
0.00035239406411988709
0.00042531853174794629
0.00048842070182514687
0.00053806219464884366
0.00057171417516578126
0.00058802375207030785
0.00058680489879537397
0.00056895627903222345
0.00053631482283578527
0.00049145918843322397
0.00043748078962121598
0.00037774156999604045
0.00031563716144278233
0.00025438174609028946
0.00019682732424281915
0.00014532576271678702
0.00010163755543382143
0.00006688718739543015
0.00004156172494583462
0.00002554695246317114
0.00001819405568741961
0.00001840938780904662
0.00002476002553192229
0.00003558837266579559
0.00004912976188218608
0.00006362766552645492
0.00007744166197355398
0.00008914370926645856
0.00009759861776283925
0.00010202499622295717
0.00010203348879604666
0.00009763991921419591
0.00008925206228666651
0.00007763016086535777
0.00006382292719763949
0.00004908248803991856
0.00003476339647589024
0.00002221227179832461
0.00001265568458837909
0.00000709445028712008
0.00000621244938118867
0.00001030742794287806
0.00001924997685195451
0.00003247512214225278
0.00004900880691328579
0.00006752916297879123
0.00008646003059601735
0.00010409186122541137
0.00011872309162259294
0.00012881344146726761
0.00013313945926788013
0.00013094208037267083
0.00012205598528722080
0.00010701114170499020
0.00008709804189807172
0.00006438975838096219
0.00004171598221891693
0.00002258662874326508
0.00001106534203166739
0.00001159623695030639
0.00002879039030614796
0.00006718178558822503
0.00013096541949190324
0.00022373281689431416
0.00034822194783730903
0.00050609915666836435
0.00069778990601038725
0.00092237272600827517
0.00117754674005694930
0.00145967773382470800
0.00176392140158814200
0.00208441580001878650
0.00241452894258490330
0.00274714266108210720
0.00307495100320539450
0.00339075094170545590
0.00368770513156745860
0.00395956060634099220
0.00420081307989809280
0.00440681312239569420
0.00457381702473975280
0.00469899081577566670
0.00478037997635859420
0.00481685947464000760
0.00480807867649878180
0.00475441358391160040
0.00465693507427044230
0.00451739688533871540
0.00433824166337762590
0.00412261817682419740
0.00387439850623131060
0.00359818129709700650
0.00329926650446353770
0.00298358873702307900
0.00265760029175623240
0.00232810087955099070
0.00200201816136278460
0.00168615056194850770
0.00138689029492470210
0.00110994906374924290
0.00086011068913346902
0.00064103355189133510
0.00045512132643269544
0.00030347360412452104
0.00018591965383627540
0.00010112994616028715
0.00004679239116747287
0.00001983451792641438
0.00001666970593920051
0.00003344526824930080
0.00006627244872569494
0.00011142264310420538
0.00016547957959108103
0.00022544293702241378
0.00028878416142476862
0.00035345948580020614
0.00041788803536317029
0.00048090433854101048
0.00054169470463124247
0.00059972606059959335
0.00065467431993235519
0.00070635754183771869
0.00075467733016367411
0.00079957033245526903
0.00084097044968602715
0.00087878148955258003
0.00091285945908083684
0.00094300342483704465
0.00096895378620398542
0.00099039682941994369
0.00100697449592305490
0.00101829836974668810
0.00102396694904872380
0.00102358531662955750
0.00101678637283160560
0.00100325285257487970
0.00098273942382158812
0.00095509425849882789
0.00092027957381734073
0.00087839075345094611
0.00082967376556653113
0.00077454069244424213
0.00071358327243823067
0.00064758442941704867
0.00057752782552519377
0.00050460551032452177
0.00043022373093334741
0.00035600687805468670
0.00028379932753002914
0.00021566455532578282
0.00015388033611334517
0.00010092810461345048
0.00005947374777059729
0.00003233635621983272
0.00002244100711345126
0.00003275172003509693
0.00006618154861840237
0.00012547848818158302
0.00021308849778974316
0.00033100026910185362
0.00048058003826890409
0.00066240817593888029
0.00087613186011917547
0.00112034922348864800
0.00139253952323714020
0.00168905094872327410
0.00200515286590779260
0.00233515317212247210
0.00267257486509067280
0.00301037991995592620
0.00334122406521027500
0.00365772375002765490
0.00395271680052465030
0.00421950080856982320
0.00445203759945899440
0.00464511731016424050
0.00479448070835304490
0.00489690253521451750
0.00495024128339403930
0.00495346171872252780
0.00490663578733187360
0.00481092577354822000
0.00466855129554333020
0.00448273955326283780
0.00425765666193158100
0.00399831720474562270
0.00371046940236288180
0.00340045443346301700
0.00307504024617284230
0.00274123241945268060
0.00240606700469803320
0.00207639255333434860
0.00175865048620653210
0.00145866437041793240
0.00118144934404604950
0.00093105271239957708
0.00071043554413478024
0.00052140293744341827
0.00036458764658003158
0.00023948822229530870
0.00014455908617774647
0.00007734642919505074
0.00003466087376761941
0.00001277575249947226
0.00000763878840630800
0.00001508491666789188
0.00003103884078638445
0.00005169745027788472
0.00007368418923659660
0.00009416961631340027
0.00011095455020227183
0.00012251423362890799
0.00012800382191134935
0.00012722720416621000
0.00012057270933816929
0.00010892064099804466
0.00009352880490925473
0.00007590319244060395
0.00005766168906214179
0.00004039901166955736
0.00002556097513621794
