0.00000736630739325976
0.00001341838087923056
0.00002402281151880278
0.00003817972996493316
0.00005463565930684119
0.00007197727858539276
0.00008873667677537294
0.00010350120699832565
0.00011502061779964988
0.00012230417790910666
0.00012470104430638220
0.00012195813554700274
0.00011425120955551168
0.00010218661649988506
0.00008677317960367535
0.00006936570308343777
0.00005158355909776639
0.00003520951089861594
0.00002207525324423043
0.00001394099376400514
0.00001237670589084341
0.00001865245185992751
0.00003364445026117584
0.00005776243713831589
0.00009090246355698333
0.00013242772099502278
0.00018117842081570224
0.00023551028878806405
0.00029335995313878018
0.00035233445127644735
0.00040982126490867637
0.00046311469125036244
0.00050955391983410867
0.00054666784669897886
0.00057232135646873548
0.00058485748784243489
0.00058322954744675665
0.00056711687036137054
0.00053701761282220497
0.00049431182545175371
0.00044128825822709825
0.00038112907553327898
0.00031784807951458412
0.00025618026038775504
0.00020142351473656774
0.00015923705563313336
0.00013540508264146630
0.00013557824412565426
0.00016500877485710043
0.00022829738107737357
0.00032917050801241051
0.00047030527434118623
0.00065321605850771579
0.00087821172188099080
0.00114442627004256890
0.00144991910232864800
0.00179183469050688640
0.00216660633583218470
0.00257018520011512670
0.00299827446243496140
0.00344654929292504240
0.00391084613883969230
0.00438730912356841310
0.00487248654808254340
0.00536337588498273650
0.00585742064254825190
0.00635246655023359760
0.00684668735279766410
0.00733849196279922400
0.00782642485168557990
0.00830907053941783500
0.00878497114564453890
0.00925256350982894130
0.00971013969202763440
0.01015583201633888200
0.01058762144757071300
0.01100336616592195200
0.01140084582508319100
0.01177781618396125400
0.01213206857414307800
0.01246148894261810800
0.01276411189764259200
0.01303816616971129000
0.01328210905561306700
0.01349464862053948200
0.01367475358296685100
0.01382165181165885700
0.01393481916081875500
0.01401396092206379400
0.01405898846976396200
0.01406999373029117100
0.01404722394314136500
0.01399105884060713500
0.01390199189590450800
0.01378061672188215500
0.01362761908703553900
0.01344377439402797400
0.01322994987841524600
0.01298711027159012000
0.01271632527221864700
0.01241877692450283800
0.01209576494658967300
0.01174870821805928400
0.01137914103737128900
0.01098870339256521400
0.01057912531686705700
0.01015220635721718500
0.00970979216638841180
0.00925375110837600190
0.00878595439634028730
0.00830826351968871720
0.00782252844518155880
0.00733059923015679050
0.00683435227008083460
0.00633573050933986840
0.00583679475281320780
0.00533978098085083170
0.00484715659477827090
0.00436166711668072550
0.00388636431302938690
0.00342460720286277700
0.00298002902547515400
0.00255646591622311560
0.00215784656320531410
0.00178804615502727270
0.00145071205140674630
0.00114907234337900220
0.00088574136442472673
0.00066253788847233481
0.00048033194975956013
0.00033893484592071032
0.00023704401666261332
0.00017225037237571141
0.00014111066995500828
0.00013928218768982881
0.00016171177361204133
0.00020286685296908816
0.00025699262614103751
0.00031837778786663207
0.00038161080977824847
0.00044181013111668576
0.00049481430613776509
0.00053732192679987589
0.00056697554328087965
0.00058238836803096408
0.00058311681365421644
0.00056958549379230712
0.00054297393409484659
0.00050507575764816340
0.00045814152595939666
0.00040471585788011541
0.00034747813497530662
0.00028909430846108675
0.00023208533773486455
0.00017871587317238130
0.00013090514518988990
0.00009016075579911716
0.00005753521938111345
0.00003360461826386713
0.00001846851794532391
0.00001177018555626954
0.00001273602985369629
0.00002023291394484551
0.00003284151332883618
0.00004894319253766043
0.00006681700644001696
0.00008474250236268095
0.00010110314595534831
0.00011448456704345025
0.00012376155706127933
0.00012816794608007831
0.00012734419164146032
0.00012135871022185329
0.00011070060286112659
0.00009624334700969700
0.00007918108976162889
0.00006094120954990764
0.00004307864266946689
0.00002715894570251922
0.00001463806589601674
0.00000674724103832982
0.00000439131569090663
0.00000806805317629160
0.00001781479357884033
0.00003318714098238531
0.00005327236662414833
0.00007673801314813312
0.00010191391158860007
0.00012690361143399050
0.00014971920504668155
0.00016843182145852314
0.00018132877806386474
0.00018706760103240054
0.00018481692305372146
0.00017437467975304488
0.00015625506077413001
0.00013173729759347210
0.00010287151560089402
0.00007243942767179484
0.00004387044398663601
0.00002111662749805545
0.00000849262352634482
0.00001048901857990121
0.00003156933827350035
0.00007596191857774664
0.00014745808221570118
0.00024922740447724237
0.00038365942651317445
0.00055223911620215179
0.00075546089840197988
0.00099278342820614384
0.00126262472059818480
0.00156239501066786810
0.00188856298069355860
0.00223674986261327780
0.00260184543599594610
0.00297814004603647430
0.00335946735372109420
0.00373935344696301390
0.00411116900895909870
0.00446828227565146220
0.00480421134851058500
0.00511277492106250450
0.00538824052998244930
0.00562546901367110600
0.00582005298249915150
0.00596844588357070550
0.00606807686634682280
0.00611744537804902700
0.00611618853240884340
0.00606511409049891300
0.00596619259873129580
0.00582250396564520240
0.00563813649072372310
0.00541803987662029060
0.00516783769076641870
0.00489360860690533740
0.00460164902146168590
0.00429823181759308050
0.00398937678482373490
0.00368064733404345260
0.00337698574524661170
0.00308259553916698450
0.00280087513919743130
0.00253440235007731030
0.00228496489514674970
0.00205362881366423760
0.00184083426255824290
0.00164650734250274940
0.00147017693213323550
0.00131108695619430810
0.00116829670816352340
0.00104076441827292020
0.00092741183727357355
0.00082716989009376377
0.00073900723224430741
0.00066194471377867357
0.00059505932054498302
0.00053748120052420924
0.00048838702562797539
0.00044699233812710119
0.00041254483061223761
0.00038431982686377536
0.00036161864817015581
0.00034377010532112820
0.00033013505525020156
0.00032011378172830765
0.00031315586559830247
0.00030877216195308459
0.00030654846438972006
0.00030616038537590614
0.00030738890485735638
0.00031013593669678813
0.00031443914431368526
0.00032048511938587826
0.00032861994017873201
0.00033935606882173577
0.00035337454786126151
0.00037152153095144810
0.00039479834189111944
0.00042434450641206766
0.00046141354113142860
0.00050734170335438745
0.00056351038133821321
0.00063130330066479086
0.00071206018807876538
0.00080702890825624322
0.00091731830618794108
0.00104385398944790570
0.00118733903151150490
0.00134822106354903770
0.00152666648554926760
0.00172254165405531980
0.00193540002221436390
0.00216447347491190420
0.00240866567657936370
0.00266654526187324070
0.00293633721890925250
0.00321591182417148990
0.00350277187351051740
0.00379404051134058560
0.00408645342546663010
0.00437636026670665780
0.00465974062667820140
0.00493223960836102530
0.00518922692220739110
0.00542588164340386880
0.00563730250274743420
0.00581864116242167970
0.00596525367459720300
0.00607286351464692440
0.00613772840246237010
0.00615680262928287700
0.00612788672619570250
0.00604975688937064130
0.00592226742903689470
0.00574642047407262610
0.00552439815574583100
0.00525955352146219480
0.00495635758473253990
0.00462030133624004650
0.00425775334270863970
0.00387577579067841260
0.00348190442009702450
0.00308390053766139160
0.00268948589530619090
0.00230607330446476900
0.00194050708769918600
0.00159882758999967620
0.00128607286969500030
0.00100612842051748020
0.00076163256156831121
0.00055394131505034200
0.00038315258268925112
0.00024818564007280189
0.00014690874223269689
0.00007630521845993749
0.00003266695050448433
0.00001180357597789324
0.00000925603860439953
0.00002050405304242402
0.00004115846789390681
0.00006713120161323779
0.00009477722354460758
0.00012100482710524826
0.00014335210862741389
0.00016002907777481784
0.00016992616890806691
0.00017259110235468578
0.00016817707427687316
0.00015736614744859363
0.00014127247947727032
0.00012133065581137170
0.00009917487666089324
0.00007651505431982107
0.00005501597901322698
0.00003618557546855899
0.00002127787268300318
0.00001121563117910387
0.00000653661751346276
