0.00004661366995224434
0.00005497367295903597
0.00006200315314667082
0.00006719777629874816
0.00007019791559475247
0.00007080911868115999
0.00006901294081628899
0.00006496760036477655
0.00005899833873891553
0.00005157783796084100
0.00004329755593290946
0.00003483136197444628
0.00002689336229012307
0.00002019225713314106
0.00001538492373869308
0.00001303212676110323
0.00001355928201572275
0.00001722501311884042
0.00002409983543294277
0.00003405669101780923
0.00004677427938651223
0.00006175324152631446
0.00007834433619305187
0.00009578688479471347
0.00011325504032645986
0.00012990893081825554
0.00014494749004101737
0.00015765983865809896
0.00016747240394227551
0.00017398951833818535
0.00017702594158617237
0.00017663051531652523
0.00017310088566364849
0.00016698982988016267
0.00015910412918004627
0.00015049710369600819
0.00014245586222948967
0.00013648404920544614
0.00013428045343570608
0.00013771335940624880
0.00014879006518855257
0.00016962065575372396
0.00020237498969001704
0.00024923199271699919
0.00031232078345506671
0.00039365387775088775
0.00049505367722536343
0.00061807455356319737
0.00076392396474949211
0.00093338703199481840
0.00112675971008342740
0.00134379595935469640
0.00158367407366344640
0.00184498649358727070
0.00212575606780804030
0.00242347992247880310
0.00273520002849771210
0.00305759743524303780
0.00338710519850112880
0.00372003348649947940
0.00405269937154068530
0.00438155350665871310
0.00470329626607784040
0.00501497693270916080
0.00531407101427720280
0.00559853258376744830
0.00586682047145578330
0.00611789899346611850
0.00635121552398444900
0.00656665848863702880
0.00676450021110239910
0.00694532947074470030
0.00710997865605599200
0.00725945008837200040
0.00739484552211220300
0.00751730208685951440
0.00762793710405810630
0.00772780335750016760
0.00781785557870464870
0.00789892816773448210
0.00797172353538432720
0.00803680994086057410
0.00809462731760706400
0.00814549932900805390
0.00818964976980564310
0.00822722141817096990
0.00825829553388153850
0.00828291037368348270
0.00830107733753659460
0.00831279365006686030
0.00831805080140447270
0.00831683830314415040
0.00830914264316242290
0.00829494163518510430
0.00827419464642764790
0.00824682944375123430
0.00821272662271819300
0.00817170277343312950
0.00812349369096196720
0.00806773905372899430
0.00800397006482497790
0.00793160156885414430
0.00784993010703953670
0.00775813923934106940
0.00765531322781662010
0.00754045982771171450
0.00741254246751879820
0.00727052152506137310
0.00711340374820006690
0.00694029816795037080
0.00675047616598609210
0.00654343275536904170
0.00631894568297183820
0.00607712872709658630
0.00581847558948108980
0.00554389108679162290
0.00525470692198835590
0.00495268011940889610
0.00463997317253962360
0.00431911599775585980
0.00399295082413040400
0.00366456209966264500
0.00333719429591888090
0.00301416110618749410
0.00269874993917992730
0.00239412581121605740
0.00210323874557618140
0.00182873861236373840
0.00157290099782086250
0.00133756718709357680
0.00112410068684640230
0.00093336191728023436
0.00076570179310904635
0.00062097393414092318
0.00049856426189890681
0.00039743582779080391
0.00031618596438893370
0.00025311232970638025
0.00020628417769811771
0.00017361525539043372
0.00015293507729095647
0.00014205590242948886
0.00013883345104431224
0.00014122014475182536
0.00014731033694977331
0.00015537753899456963
0.00016390399307371735
0.00017160308223194146
0.00017743502525220502
0.00018061613162476724
0.00018062166008229793
0.00017718210832232706
0.00017027262895241067
0.00016009526678689874
0.00014705387032818372
0.00013172184359260919
0.00011480334590051730
0.00009708906843566864
0.00007940825482132808
0.00006257912024554166
0.00004736019388409303
0.00003440530700624351
0.00002422493569631637
0.00001715636573635986
0.00001334468493845531
0.00001273595565917849
0.00001508312839274830
0.00001996439232714147
0.00002681279469282432
0.00003495517191249914
0.00004365778863720815
0.00005217562811108330
0.00005980205223092062
0.00006591556390158062
0.00007002064811401281
0.00007178011283310321
0.00007103695278716921
0.00006782446587763717
0.00006236410715386373
0.00005505131541352194
0.00004643024574774992
0.00003715895121226450
0.00002796705352733962
0.00001960831327690056
0.00001281075167984143
0.00000822709342622074
0.00000638830247064708
0.00000766288034301474
0.00001222439812063397
0.00002002944390784873
0.00003080778873382105
0.00004406610342515184
0.00005910599474482869
0.00007505647111905050
0.00009092020352088208
0.00010563213315397624
0.00011812812596062417
0.00012742053166206420
0.00013267673398981668
0.00013329615272162347
0.00012898075659740241
0.00011979404583482359
0.00010620372711884343
0.00008910397125439094
0.00006981421749654681
0.00005005292884315545
0.00003188642205476759
0.00001765476265146300
0.00000987856060435220
0.00001115213917937644
0.00002402979189404104
0.00005091253266216461
0.00009394277591454013
0.00015491372306508205
0.00023519892904586202
0.00033570571068419362
0.00045685393947798251
0.00059857957986795261
0.00076036034368183361
0.00094125925588222888
0.00113998092664673470
0.00135493497384392860
0.00158430131641742570
0.00182609285419371450
0.00207821219071157400
0.00233850034064506410
0.00260477659760115220
0.00287486976728078660
0.00314664170339279620
0.00341800449713457970
0.00368693280500381700
0.00395147273526473810
0.00420974854673220220
0.00445996822978865420
0.00470042889323462470
0.00492952278668827220
0.00514574472510607480
0.00534770160397319680
0.00553412454963803090
0.00570388400120908950
0.00585600765789442810
0.00598970077182123680
0.00610436777520257780
0.00619963377624441120
0.00627536411882626510
0.00633168004298820510
0.00636896854696357780
0.00638788484336402700
0.00638934629365642180
0.00637451733842722690
0.00634478563943292970
0.00630173033053089800
0.00624708386257283400
0.00618268936365612850
0.00611045568569986050
0.00603231236155404080
0.00595016656758396570
0.00586586390703218010
0.00578115444308255860
0.00569766496538497060
0.00561687801568730440
0.00554011776599179320
0.00546854246511318390
0.00540314286435063590
0.00534474580727323060
0.00529402202057657930
0.00525149706436557360
0.00521756437907265610
0.00519249938929467870
0.00517647367974546570
0.00516956833525262280
0.00517178562849298330
0.00518305834270007220
0.00520325613190878930
0.00523218845110034160
0.00526960373725911170
0.00531518469481456760
0.00536853973946600960
0.00542919088515418040
0.00549655861867051710
0.00556994458902687960
0.00564851323234039600
0.00573127373918829680
0.00581706402523860570
0.00590453855700459430
0.00599216197892995380
0.00607821045174375320
0.00616078241560873150
0.00623782011517965120
0.00630714266253802530
0.00636649068311247440
0.00641358172698023620
0.00644617469442276130
0.00646214060155004750
0.00645953619409335260
0.00643667630359218060
0.00639220051990440580
0.00632512979501545680
0.00623490902931328990
0.00612143251402045080
0.00598505025750464570
0.00582655461091225420
0.00564714809882617150
0.00544839480417933470
0.00523215890478973680
0.00500053488277267970
0.00475577443523569720
0.00450021515999851200
0.00423621567973464590
0.00396610105542131130
0.00369212121598415640
0.00341642380920967670
0.00314104148112175720
0.00286789223418223520
0.00259879030289257180
0.00233546400596411790
0.00207957635802519330
0.00183274390694932660
0.00159654934727674650
0.00137254397085952960
0.00116223695388959800
0.00096706981205154892
0.00078837600586421344
0.00062732751938004549
0.00048487209209035857
0.00036166644525953607
0.00025801208703910082
0.00017380090256703486
0.00010847758783938643
0.00006102500778673114
0.00002997679489400341
0.00001345911122879096
0.00000926072708445479
0.00001492774192832349
0.00002787672726595399
0.00004551811752055738
0.00006538055157966846
0.00008522670424223490
0.00010315194914378991
0.00011765884717395127
0.00012770274088569491
0.00013270637429921460
0.00013254414361008680
0.00012749903080426858
0.00011819724606476528
0.00010552695106532425
0.00009054808713543728
0.00007440030862382087
0.00005821541264445522
0.00004303960152558420
0.00002976957844267043
0.00001910502580253234
0.00001151859730176106
0.00000724328338449077
0.00000627596229075093
0.00000839516187667954
0.00001319053313953220
0.00002010125065553498
0.00002846046695254728
0.00003754300912632738
