0.00008069123375568728
0.00007904916514929587
0.00007470331341380526
0.00006794226456689330
0.00005921681271534139
0.00004911553050850410
0.00003833221949774722
0.00002762661104623043
0.00001778014635074294
0.00000954907820300244
0.00000361746346659549
0.00000055281019256959
0.00000076716926308418
0.00000448629172297035
0.00001172910050889697
0.00002229915998414664
0.00003578910032316880
0.00005159811759662139
0.00006896179103621255
0.00008699261218833251
0.00010472888344430269
0.00012118908513842578
0.00013542848438790958
0.00014659469543700079
0.00015397910324408342
0.00015706150343568041
0.00015554594027645619
0.00014938646746342785
0.00013880233057890772
0.00012428279065769139
0.00010658240179976939
0.00008670796857844893
0.00006589861472643849
0.00004560039679372536
0.00002743672717821026
0.00001317558482510428
0.00000469415723927871
0.00000394124514613525
0.00001289753366977526
0.00003353373606333762
0.00006776666872768384
0.00011741351431077666
0.00018414484375537930
0.00026943735024241800
0.00037452763926637799
0.00050036875888882022
0.00064759138839642037
0.00081647169131058607
0.00100690775682096100
0.00121840629851367320
0.00145008086565217240
0.00170066228109802720
0.00196852139402370900
0.00225170357495182600
0.00254797373794651970
0.00285487010051843110
0.00316976443033881910
0.00348992621382282050
0.00381258803714541170
0.00413500950301648550
0.00445453720918811450
0.00476865866538550300
0.00507504849001171910
0.00537160576361355500
0.00565648197546031110
0.00592809953621088820
0.00618516130276029580
0.00642665193999950640
0.00665183220990284670
0.00686022742598992390
0.00705161134822264970
0.00722598673728287820
0.00738356366197124790
0.00752473648580575910
0.00765006027426832010
0.00776022718391395590
0.00785604323407842340
0.00793840572988297080
0.00800828150413122370
0.00806668607309662600
0.00811466375157545060
0.00815326873914306960
0.00818354716592758010
0.00820652006764287580
0.00822316724360255300
0.00823441193784546330
0.00824110627426254470
0.00824401737504911090
0.00824381410186800400
0.00824105438457565200
0.00823617314612525020
0.00822947089574766790
0.00822110314525425520
0.00821107090265739930
0.00819921260826590380
0.00818519799357680240
0.00816852445291544990
0.00814851661004786610
0.00812432982346354170
0.00809495839044493260
0.00805924916745616970
0.00801592121070735310
0.00796359184757152940
0.00790080931414219140
0.00782609174153129850
0.00773797185757412340
0.00763504631533865830
0.00751602809857971220
0.00737980002798682010
0.00722546704598405960
0.00705240473681362660
0.00686030148159559250
0.00664919178220106130
0.00641947862341234620
0.00617194326977236510
0.00590774157976046900
0.00562838671326587600
0.00533571894088873040
0.00503186405893850560
0.00471918259598470920
0.00440021249897599480
0.00407760826101340530
0.00375407947514019370
0.00343233157306885260
0.00311501106600079550
0.00280465700127774520
0.00250365965449059550
0.00221422677021225910
0.00193835702200703130
0.00167781984927164070
0.00143414049245766620
0.00120858891471248460
0.00100217136838297110
0.00081562361760356195
0.00064940522212125773
0.00050369476677727270
0.00037838642147141759
0.00027308867217549360
0.00018712641399994842
0.00011954779323533900
0.00006913719410815800
0.00003443557546542209
0.00001376898255351533
0.00000528552080427665
0.00000700043194395563
0.00001684822101143773
0.00003274011568538174
0.00005262456501412173
0.00007454806252470584
0.00009671335247955931
0.00011753207136437787
0.00013566909112540016
0.00015007624667345780
0.00016001371039121257
0.00016505797088724107
0.00016509612567362615
0.00016030695116740618
0.00015112991684930246
0.00013822392093586225
0.00012241801110072722
0.00010465669596733802
0.00008594264269952930
0.00006727959392473393
0.00004961823184705758
0.00003380748277423905
0.00002055340946674695
0.00001038740269470028
0.00000364488028615717
0.00000045515653244644
0.00000074258300351532
0.00000423851006747324
0.00001050310278184521
0.00001895558984458045
0.00002891115150047339
0.00003962237878513196
0.00005032307357423181
0.00006027211118639138
0.00006879515224328174
0.00007532215877501230
0.00007941892600455604
0.00008081116649782865
0.00007940005597409719
0.00007526854875896104
0.00006867817667107226
0.00006005644310250514
0.00004997530414553808
0.00003912158570606601
0.00002826051837038619
0.00001819388103205251
0.00000971452996126035
0.00000355934869481482
0.00000036287653686819
0.00000061404287022667
0.00000461852666466488
0.00001246924553106533
0.00002402732425464611
0.00003891556994836498
0.00005652597035327260
0.00007604203005847055
0.00009647588493900570
0.00011671913151026189
0.00013560524414053872
0.00015198041974659197
0.00016477879110536004
0.00017309729301884596
0.00017626514568805542
0.00017390300661363037
0.00016596736781334203
0.00015277672393757517
0.00013501734390759392
0.00011372803280858578
0.00009026492520048761
0.00006624893980835728
0.00004349988355516917
0.00002396217658641698
0.00000962767605272163
0.00000246105549876908
0.00000433265944090003
0.00001696276819056947
0.00004187989418125301
0.00008039423917192458
0.00013358593673500001
0.00020230634504255990
0.00028718957533926200
0.00038867073761743938
0.00050700710664093541
0.00064229856022932498
0.00079450417483025565
0.00096345270177941675
0.00114884568680047230
0.00135025311757033000
0.00156710257080776990
0.00179866377244797000
0.00204403119221270970
0.00230210770351280430
0.00257159241801027410
0.00285097555084405090
0.00313854261890843990
0.00343238948049594690
0.00373044877217669710
0.00403052728399406250
0.00433035283694371220
0.00462762838094064620
0.00492009039466981960
0.00520556829459831090
0.00548204147396059390
0.00574769078850410200
0.00600094175104593390
0.00624049733577520040
0.00646535905528518390
0.00667483578219673150
0.00686854056946914570
0.00704637641602231470
0.00720851247987414670
0.00735535263112467070
0.00748749845235508610
0.00760570884209517230
0.00771085827934326740
0.00780389559430526290
0.00788580479771925150
0.00795756918381819270
0.00802013957249495150
0.00807440722140505970
0.00812118163861285690
0.00816117327392070280
0.00819498086859119300
0.00822308309960567000
0.00824583406249347270
0.00826346208988193270
0.00827607139349652650
0.00828364603719321940
0.00828605578994861400
0.00828306346374130950
0.00827433340634691970
0.00825944088893357240
0.00823788219981792460
0.00820908532647650350
0.00817242117599524360
0.00812721534766678790
0.00807276052807230640
0.00800832962562723730
0.00793318979421634220
0.00784661750929097760
0.00774791484918225390
0.00763642709394365270
0.00751156167924689220
0.00737280843119770840
0.00721976086012542180
0.00705213811250950380
0.00686980698052065770
0.00667280316399404640
0.00646135079092870820
0.00623587905451192420
0.00599703474335228260
0.00574568945156905730
0.00548294037572713640
0.00521010384619711650
0.00492870109860924200
0.00464043624902776670
0.00434716696126590410
0.00405086883960342320
0.00375359508855520760
0.00345743339322102020
0.00316446223326508330
0.00287670890733372550
0.00259611138938405530
0.00232448576624863600
0.00206350044710964640
0.00181465764721159980
0.00157928190780131010
0.00135851471135061090
0.00115331367510591210
0.00096445443420296699
0.00079253321182695549
0.00063796824025991075
0.00050099862936508392
0.00038167992932239806
0.00027987642409425464
0.00019525102325197656
0.00012725438689757234
0.00007511552128011035
0.00003783643850722673
0.00001419352670172238
0.00000274800457692476
0.00000186724997402872
0.00000975794302355818
0.00002451092834848283
0.00004415657605097128
0.00006672831925897917
0.00009033107930200710
0.00011321056100666557
0.00013381899286744189
0.00015087285358929829
0.00016339848582178326
0.00017076222926044106
0.00017268275029904580
0.00016922451286957544
0.00016077270991608959
0.00014799133018443805
0.00013176724570342814
0.00011314416231661321
0.00009325089757367857
0.00007322869232137074
0.00005416211995709313
0.00003701766524336317
0.00002259327069705284
0.00001148118394470672
0.00000404538611238109
0.00000041383955141805
0.00000048485005342331
0.00000394605946184204
0.00001030400794138009
0.00001892184252051775
0.00002906258703194951
0.00003993539710623027
0.00005074236065178239
0.00006072362488596873
0.00006919889560223353
0.00007560363294251913
0.00007951854319293762
