0.00009996955065124993
0.00009222150253486650
0.00008200021092582333
0.00006993510892214648
0.00005677603404918812
0.00004335358847239815
0.00003053462758321999
0.00001917499354933914
0.00001007188003624181
0.00000391836644006511
0.00000126266522069510
0.00000247446555267967
0.00000772042620017339
0.00001695038257937567
0.00002989521660368404
0.00004607663737049664
0.00006482839148275164
0.00008532772488648988
0.00010663531367552835
0.00012774142165163780
0.00014761576567987118
0.00016525849519660350
0.00017974981708201413
0.00019029609724050494
0.00019627070240554837
0.00019724835300645690
0.00019303227714721600
0.00018367392558347052
0.00016948537704691486
0.00015104479866926511
0.00012919541594097483
0.00010503840258843041
0.00007991995675284800
0.00005541263632557336
0.00003329084247408240
0.00001550022495504382
0.00000412078432639710
0.00000132359486970391
0.00000932137418645503
0.00003031356128139908
0.00006642709059620649
0.00011965460248395036
0.00019179233858679059
0.00028438036119971265
0.00039864794704388452
0.00053546699515832582
0.00069531603828089253
0.00087825696727426373
0.00108392590541936500
0.00131153886196158990
0.00155991192463682820
0.00182749489693489570
0.00211241652190437110
0.00241253882312824840
0.00272551768027850040
0.00304886656546680260
0.00338002039958893450
0.00371639672682189850
0.00405545181543509170
0.00439472982730799030
0.00473190380383118820
0.00506480783814321990
0.00539146039290371030
0.00571007923703791610
0.00601908888298159120
0.00631712168919573020
0.00660301394509901950
0.00687579828294014250
0.00713469367939224140
0.00737909414218842690
0.00760855695183231160
0.00782279107461155210
0.00802164610859259180
0.00820510189274502140
0.00837325871879976080
0.00852632794703930140
0.00866462274513296080
0.00878854864117513920
0.00889859360090400520
0.00899531739376920220
0.00907934009039638480
0.00915132962232372870
0.00921198842230398950
0.00926203924109416860
0.00930221029869098170
0.00933321997188135340
0.00935576124626271920
0.00937048617255607440
0.00937799056885121190
0.00937879920807517700
0.00937335172920061850
0.00936198951649899570
0.00934494380704479520
0.00932232531423264450
0.00929411569345747760
0.00926016122193611990
0.00922016911200669070
0.00917370691797047420
0.00912020552079018800
0.00905896617199822280
0.00898917203747960980
0.00890990459435686210
0.00882016509390348880
0.00871890110842844100
0.00860503793406233380
0.00847751433423933440
0.00833532179675570280
0.00817754616278251400
0.00800341019575488530
0.00781231542048783750
0.00760388140633792150
0.00737798061695072930
0.00713476702009897740
0.00687469685131388620
0.00659854024948648960
0.00630738291383566110
0.00600261744031454790
0.00568592454294051740
0.00535924490719799730
0.00502474291288586980
0.00468476386061137010
0.00434178660605962110
0.00399837362796849700
0.00365712052295686730
0.00332060674213859560
0.00299134908457919170
0.00267175907693687060
0.00236410494098837630
0.00207047842839157800
0.00179276643037123030
0.00153262698767719870
0.00129146916086446470
0.00107043618639048480
0.00087039143831075172
0.00069190692096155111
0.00053525430349893701
0.00040039883037123867
0.00028699675444754922
0.00019439719260566564
0.00012164945316662640
0.00006751689724840914
0.00003049825350720595
0.00000885700732815597
0.00000065904948756718
0.00000381823101670998
0.00001614887939672488
0.00003542374339787802
0.00005943530859294544
0.00008605801651344409
0.00011330867017286019
0.00013940224418942045
0.00016280044775786982
0.00018225070358126214
0.00019681367944407099
0.00020587810249856118
0.00020916225275903255
0.00020670222230409691
0.00019882769306940062
0.00018612658788823768
0.00016940045453061456
0.00014961282900364896
0.00012783308054301556
0.00010517836385000285
0.00008275629888683113
0.00006161087505798914
0.00004267384865368978
0.00002672358601312382
0.00001435291725063388
0.00000594712461774436
0.00000167271428541419
0.00000147712972742876
0.00000509907865397916
0.00001208868345756154
0.00002183624685025532
0.00003360806792584424
0.00004658746494226034
0.00005991897168477385
0.00007275358157132181
0.00008429291940862656
0.00009383032082693518
0.00010078698439545445
0.00010474161725239733
0.00010545230479003100
0.00010286968039410571
0.00009714083512561061
0.00008860377475979192
0.00007777259173545374
0.00006531386554707919
0.00005201513403988903
0.00003874658967303962
0.00002641744948546968
0.00001592872391048241
0.00000812436237488169
0.00000374297157206226
0.00000337246754792384
0.00000741011133712718
0.00001603036195018231
0.00002916283185658098
0.00004648232504844458
0.00006741246244074456
0.00009114375478097641
0.00011666618915227887
0.00014281549186308839
0.00016833127800944730
0.00019192437207917994
0.00021234976955834516
0.00022848109168860446
0.00023938203943546510
0.00024437033352496361
0.00024306996186101672
0.00023544823657584404
0.00022183514758411789
0.00020292371199077535
0.00017975135702227808
0.00015366372033537317
0.00012626348412363299
0.00009934786650105534
0.00007483908500818600
0.00005471242391559532
0.00004092645782575344
0.00003535952660934004
0.00003975577532547680
0.00005568305208670005
0.00008450380227082059
0.00012735892397504925
0.00018516346962758290
0.00025861219095470720
0.00034819230452087937
0.00045420054816478942
0.00057676161648035100
0.00071584538392059128
0.00087128089472023344
0.00104276584347802070
0.00122987109792595230
0.00143204063065116310
0.00164858793990487530
0.00187869057739201950
0.00212138471258084160
0.00237556172596257870
0.00263996864423696880
0.00291321384176929270
0.00319377888941020610
0.00348003680217579170
0.00377027629454466290
0.00406273106553652930
0.00435561266304752060
0.00464714515875594080
0.00493559972178306270
0.00521932721133112120
0.00549678709770214970
0.00576657133537796570
0.00602742221039265400
0.00627824362304424400
0.00651810570401161350
0.00674624306118637700
0.00696204728887718500
0.00716505462352112070
0.00735492979377352050
0.00753144718989350120
0.00769447047677924820
0.00784393171065125850
0.00797981090749920640
0.00810211686863658400
0.00821086991043497310
0.00830608698453454840
0.00838776952154746470
0.00845589419231929790
0.00851040666006516210
0.00855121829550823180
0.00857820574495930970
0.00859121317624077230
0.00859005697693666570
0.00857453264093653750
0.00854442355013096050
0.00849951133638082720
0.00843958749306166800
0.00836446589471242020
0.00827399587719299460
0.00816807552920903110
0.00804666484914662310
0.00790979842888523380
0.00775759733845024760
0.00759027990161642660
0.00740817107227424460
0.00721171014383858220
0.00700145654868053120
0.00677809353135929920
0.00654242950883277340
0.00629539696415311410
0.00603804875957553860
0.00577155180333613000
0.00549717806463069940
0.00521629300614414540
0.00493034159411387480
0.00464083215139406230
0.00434931843522915790
0.00405738044067937860
0.00376660454132668200
0.00347856366630859040
0.00319479826034436060
0.00291679876499757610
0.00264599028174814820
0.00238371992331962630
0.00213124713073592660
0.00188973694226390420
0.00166025587092929050
0.00144376971464205140
0.00124114233002893080
0.00105313419393319860
0.00088039949830683592
0.00072348060811822698
0.00058279897470942530
0.00045864203392920584
0.00035114620021220780
0.00026027674168140242
0.00018580601479421233
0.00012729216532823273
0.00008406087876215440
0.00005519300968893484
0.00003952087938301992
0.00003563567501911869
0.00004190772052409393
0.00005652046159147041
0.00007751789348883683
0.00010286396334499870
0.00013051131681415912
0.00015847575216582720
0.00018491200071006397
0.00020818605449149957
0.00022693926003221384
0.00024013980087918082
0.00024711797170796251
0.00024758273566863169
0.00024161835790046014
0.00022966130593773322
0.00021245897938998407
0.00019101305969383605
0.00016651125584642932
0.00014025189007992099
0.00011356607703746937
0.00008774219456194619
0.00006395695053250272
0.00004321667372450492
0.00002631157395505841
0.00001378471614479584
0.00000591642465132313
0.00000272386123567099
0.00000397467022485507
0.00000921290548805700
0.00001779497076210242
0.00002893302053623264
0.00004174316702737182
0.00005529588970420205
0.00006866620954990690
0.00008098143156506540
0.00009146454087732989
0.00009947163359893104
0.00010452205728362629
0.00010632022241168810
0.00010476832992695430
